   0.0000000000000000E+00   0.0000000000000000E+00
   0.3333333333333333E+00   0.5855285239691334E-01
   0.6666666666666666E+00   0.7816022094279496E-01
   0.1000000000000000E+01   0.7199850985848942E-01
   0.1333333333333333E+01   0.5012770498252102E-01
   0.1666666666666667E+01   0.2008199911464575E-01
   0.2000000000000000E+01  -0.1263605550654746E-01
   0.2333333333333333E+01  -0.4414369478797189E-01
   0.2666666666666667E+01  -0.7183614019321899E-01
   0.3000000000000000E+01  -0.9410427403248953E-01
   0.3333333333333333E+01  -0.1101026837727542E+00
   0.3666666666666667E+01  -0.1195602401035253E+00
   0.4000000000000000E+01  -0.1226264805650748E+00
   0.4333333333333333E+01  -0.1197480317381876E+00
   0.4666666666666666E+01  -0.1115701367143066E+00
   0.5000000000000000E+01  -0.9885907699214448E-01
   0.5333333333333333E+01  -0.8244190309945595E-01
   0.5666666666666666E+01  -0.6316042825718923E-01
   0.6000000000000000E+01  -0.4183690501036439E-01
   0.6333333333333333E+01  -0.1924920553521202E-01
   0.6666666666666666E+01   0.3886329183959939E-02
   0.7000000000000000E+01   0.2692591047348599E-01
   0.7333333333333333E+01   0.4930447932373886E-01
   0.7666666666666666E+01   0.7053810956977039E-01
   0.8000000000000000E+01   0.9022352215879267E-01
   0.8333333333333332E+01   0.1080354391092774E+00
   0.8666666666666666E+01   0.1237223729538553E+00
   0.9000000000000000E+01   0.1371013351481600E+00
   0.9333333333333332E+01   0.1480518522618934E+00
   0.9666666666666666E+01   0.1565095993035193E+00
   0.1000000000000000E+02   0.1624598931315044E+00
   0.1033333333333333E+02   0.1659312336807901E+00
   0.1066666666666667E+02   0.1669890350185766E+00
   0.1100000000000000E+02   0.1657296505999640E+00
   0.1133333333333333E+02   0.1622747663019010E+00
   0.1166666666666667E+02   0.1567662098416732E+00
   0.1200000000000000E+02   0.1493612051402592E+00
   0.1233333333333333E+02   0.1402280842848010E+00
   0.1266666666666667E+02   0.1295424572917102E+00
   0.1300000000000000E+02   0.1174838302854712E+00
   0.1333333333333333E+02   0.1042326554970172E+00
   0.1366666666666667E+02   0.8996779124076977E-01
   0.1400000000000000E+02   0.7486434640145119E-01
   0.1433333333333333E+02   0.5909188164626607E-01
   0.1466666666666667E+02   0.4281293831272178E-01
   0.1500000000000000E+02   0.2618186548665564E-01
   0.1533333333333333E+02   0.9343915998723664E-02
   0.1566666666666667E+02  -0.7565417215432676E-02
   0.1600000000000000E+02  -0.2442085184794830E-01
   0.1633333333333333E+02  -0.4110758012583739E-01
   0.1666666666666666E+02  -0.5752137040936941E-01
   0.1700000000000000E+02  -0.7356852931632915E-01
   0.1733333333333333E+02  -0.8916574546231176E-01
   0.1766666666666666E+02  -0.1042398341431839E+00
   0.1800000000000000E+02  -0.1187274005358941E+00
   0.1833333333333333E+02  -0.1325744372852426E+00
   0.1866666666666666E+02  -0.1457358706985446E+00
   0.1900000000000000E+02  -0.1581750682031641E+00
   0.1933333333333333E+02  -0.1698633182440344E+00
   0.1966666666666666E+02  -0.1807792924154059E+00
   0.2000000000000000E+02  -0.1909084983362785E+00
   0.2033333333333333E+02  -0.2002427305936257E+00
   0.2066666666666666E+02  -0.2087795259913567E+00
   0.2100000000000000E+02  -0.2165216283542495E+00
   0.2133333333333333E+02  -0.2234764672416254E+00
   0.2166666666666666E+02  -0.2296556541210066E+00
   0.2200000000000000E+02  -0.2350744988325596E+00
   0.2233333333333333E+02  -0.2397515485357281E+00
   0.2266666666666666E+02  -0.2437081507649203E+00
   0.2300000000000000E+02  -0.2469680417261473E+00
   0.2333333333333333E+02  -0.2495569605357343E+00
   0.2366666666666666E+02  -0.2515022897302574E+00
   0.2400000000000000E+02  -0.2528327220584535E+00
   0.2433333333333333E+02  -0.2535779532960580E+00
   0.2466666666666666E+02  -0.2537684005985790E+00
   0.2500000000000000E+02  -0.2534349457205314E+00
   0.2533333333333333E+02  -0.2526087022783940E+00
   0.2566666666666666E+02  -0.2513208061146641E+00
   0.2600000000000000E+02  -0.2496022277281861E+00
   0.2633333333333333E+02  -0.2474836056680965E+00
   0.2666666666666666E+02  -0.2449950997421107E+00
   0.2700000000000000E+02  -0.2421662628616997E+00
   0.2733333333333333E+02  -0.2390259303343523E+00
   0.2766666666666666E+02  -0.2356021254143036E+00
   0.2800000000000000E+02  -0.2319219799357193E+00
   0.2833333333333333E+02  -0.2280116688744607E+00
   0.2866666666666666E+02  -0.2238963577145118E+00
   0.2900000000000000E+02  -0.2196001615314266E+00
   0.2933333333333333E+02  -0.2151461147464310E+00
   0.2966666666666666E+02  -0.2105561505499442E+00
   0.3000000000000000E+02  -0.2058510890412725E+00
   0.3033333333333333E+02  -0.2010506331811590E+00
   0.3066666666666666E+02  -0.1961733717049869E+00
   0.3100000000000000E+02  -0.1912367881960459E+00
   0.3133333333333333E+02  -0.1862572755698132E+00
   0.3166666666666666E+02  -0.1812501552712137E+00
   0.3200000000000000E+02  -0.1762297005369027E+00
   0.3233333333333333E+02  -0.1712091631234314E+00
   0.3266666666666666E+02  -0.1662008029494310E+00
   0.3300000000000000E+02  -0.1612159201454923E+00
   0.3333333333333333E+02  -0.1562648890490365E+00
   0.3366666666666666E+02  -0.1513571937230961E+00
   0.3400000000000000E+02  -0.1465014646174614E+00
   0.3433333333333333E+02  -0.1417055160280529E+00
   0.3466666666666666E+02  -0.1369763840456233E+00
   0.3500000000000000E+02  -0.1323203647179952E+00
   0.3533333333333333E+02  -0.1277430521809737E+00
   0.3566666666666666E+02  -0.1232493765419317E+00
   0.3600000000000000E+02  -0.1188436413268452E+00
   0.3633333333333333E+02  -0.1145295603263577E+00
   0.3666666666666666E+02  -0.1103102936993122E+00
   0.3700000000000000E+02  -0.1061884832132091E+00
   0.3733333333333333E+02  -0.1021662865202898E+00
   0.3766666666666666E+02  -0.9824541038551787E-01
   0.3800000000000000E+02  -0.9442714279870951E-01
   0.3833333333333333E+02  -0.9071238391754910E-01
   0.3866666666666666E+02  -0.8710167580130232E-01
   0.3900000000000000E+02  -0.8359523090679227E-01
   0.3933333333333333E+02  -0.8019295932871492E-01
   0.3966666666666666E+02  -0.7689449477573082E-01
   0.4000000000000000E+02  -0.7369921928204988E-01
   0.4033333333333333E+02  -0.7060628666150862E-01
   0.4066666666666666E+02  -0.6761464471749769E-01
   0.4100000000000000E+02  -0.6472305622761206E-01
   0.4133333333333333E+02  -0.6193011872662122E-01
   0.4166666666666666E+02  -0.5923428311538302E-01
   0.4200000000000000E+02  -0.5663387112669589E-01
   0.4233333333333333E+02  -0.5412709168187223E-01
   0.4266666666666666E+02  -0.5171205617407261E-01
   0.4300000000000000E+02  -0.4938679271621948E-01
   0.4333333333333333E+02  -0.4714925939265148E-01
   0.4366666666666666E+02  -0.4499735655463946E-01
   0.4400000000000000E+02  -0.4292893820049352E-01
   0.4433333333333333E+02  -0.4094182248128896E-01
   0.4466666666666666E+02  -0.3903380137326660E-01
   0.4500000000000000E+02  -0.3720264955774905E-01
   0.4533333333333333E+02  -0.3544613254899092E-01
   0.4566666666666666E+02  -0.3376201410978158E-01
   0.4600000000000000E+02  -0.3214806299386389E-01
   0.4633333333333333E+02  -0.3060205905334997E-01
   0.4666666666666666E+02  -0.2912179874832539E-01
   0.4700000000000000E+02  -0.2770510009475668E-01
   0.4733333333333333E+02  -0.2634980708566617E-01
   0.4766666666666666E+02  -0.2505379361933353E-01
   0.4800000000000000E+02  -0.2381496696703332E-01
   0.4833333333333333E+02  -0.2263127081153496E-01
   0.4866666666666666E+02  -0.2150068788628973E-01
   0.4900000000000000E+02  -0.2042124224391598E-01
   0.4933333333333333E+02  -0.1939100118127822E-01
   0.4966666666666666E+02  -0.1840807684714853E-01
   0.5000000000000000E+02  -0.1747062755714506E-01
   0.5033333333333333E+02  -0.1657685883936806E-01
   0.5066666666666666E+02  -0.1572502423290621E-01
   0.5100000000000000E+02  -0.1491342586016721E-01
   0.5133333333333333E+02  -0.1414041479279886E-01
   0.5166666666666666E+02  -0.1340439122981483E-01
   0.5200000000000000E+02  -0.1270380450542295E-01
   0.5233333333333333E+02  -0.1203715294297349E-01
   0.5266666666666666E+02  -0.1140298357040511E-01
   0.5300000000000000E+02  -0.1079989171156512E-01
   0.5333333333333333E+02  -0.1022652046682012E-01
   0.5366666666666666E+02  -0.9681560095454964E-02
   0.5400000000000000E+02  -0.9163747311481099E-02
   0.5433333333333333E+02  -0.8671864503640467E-02
   0.5466666666666666E+02  -0.8204738889597990E-02
   0.5500000000000000E+02  -0.7761241613563805E-02
   0.5533333333333333E+02  -0.7340286795873236E-02
   0.5566666666666666E+02  -0.6940830542379033E-02
   0.5600000000000000E+02  -0.6561869920873421E-02
   0.5633333333333333E+02  -0.6202441911156069E-02
   0.5666666666666666E+02  -0.5861622334797912E-02
   0.5700000000000000E+02  -0.5538524770117712E-02
   0.5733333333333333E+02  -0.5232299457387554E-02
   0.5766666666666666E+02  -0.4942132198814772E-02
   0.5800000000000000E+02  -0.4667243257409390E-02
   0.5833333333333333E+02  -0.4406886258437029E-02
   0.5866666666666666E+02  -0.4160347096776555E-02
   0.5900000000000000E+02  -0.3926942853147778E-02
   0.5933333333333333E+02  -0.3706020721845594E-02
   0.5966666666666666E+02  -0.3496956952312253E-02
   0.6000000000000000E+02  -0.3299155806596853E-02
   0.6033333333333333E+02  -0.3112048534489473E-02
   0.6066666666666666E+02  -0.2935092367875666E-02
   0.6100000000000000E+02  -0.2767769535634074E-02
   0.6133333333333333E+02  -0.2609586300194459E-02
   0.6166666666666666E+02  -0.2460072016685333E-02
   0.6200000000000000E+02  -0.2318778215428063E-02
   0.6233333333333333E+02  -0.2185277708377303E-02
   0.6266666666666666E+02  -0.2059163719964935E-02
   0.6300000000000000E+02  -0.1940049042675391E-02
   0.6333333333333333E+02  -0.1827565217563156E-02
   0.6366666666666666E+02  -0.1721361739817672E-02
   0.6400000000000000E+02  -0.1621105289385747E-02
   0.6433333333333333E+02  -0.1526478986575911E-02
   0.6466666666666666E+02  -0.1437181672492551E-02
   0.6500000000000000E+02  -0.1352927214079255E-02
   0.6533333333333333E+02  -0.1273443833490091E-02
   0.6566666666666666E+02  -0.1198473461454081E-02
   0.6600000000000000E+02  -0.1127771114251687E-02
   0.6633333333333333E+02  -0.1061104293881760E-02
   0.6666666666666666E+02  -0.9982524109630993E-03
   0.6700000000000000E+02  -0.9390062298858678E-03
   0.6733333333333333E+02  -0.8831673357039165E-03
   0.6766666666666666E+02  -0.8305476222393154E-03
   0.6800000000000000E+02  -0.7809688008545571E-03
   0.6833333333333333E+02  -0.7342619293353595E-03
   0.6866666666666666E+02  -0.6902669603176682E-03
   0.6900000000000000E+02  -0.6488323086859664E-03
   0.6933333333333333E+02  -0.6098144373659852E-03
   0.6966666666666666E+02  -0.5730774609333906E-03
   0.7000000000000000E+02  -0.5384927664607497E-03
   0.7033333333333333E+02  -0.5059386510277695E-03
   0.7066666666666666E+02  -0.4752999753243858E-03
   0.7100000000000000E+02  -0.4464678327825211E-03
   0.7133333333333333E+02  -0.4193392336798661E-03
   0.7166666666666666E+02  -0.3938168036677868E-03
   0.7200000000000000E+02  -0.3698084961851641E-03
   0.7233333333333333E+02  -0.3472273182303707E-03
   0.7266666666666666E+02  -0.3259910689746489E-03
   0.7300000000000000E+02  -0.3060220907117644E-03
   0.7333333333333333E+02  -0.2872470316507998E-03
   0.7366666666666666E+02  -0.2695966200714091E-03
   0.7400000000000000E+02  -0.2530054493736890E-03
   0.7433333333333333E+02  -0.2374117735679271E-03
   0.7466666666666666E+02  -0.2227573127628838E-03
   0.7500000000000000E+02  -0.2089870682248340E-03
   0.7533333333333333E+02  -0.1960491465932157E-03
   0.7566666666666666E+02  -0.1838945928523543E-03
   0.7600000000000000E+02  -0.1724772316722627E-03
   0.7633333333333333E+02  -0.1617535167448549E-03
   0.7666666666666666E+02  -0.1516823877550537E-03
   0.7700000000000000E+02  -0.1422251346391969E-03
   0.7733333333333333E+02  -0.1333452687958154E-03
   0.7766666666666666E+02  -0.1250084009263198E-03
   0.7800000000000000E+02  -0.1171821251953976E-03
   0.7833333333333333E+02  -0.1098359094129560E-03
   0.7866666666666666E+02  -0.1029409909512763E-03
   0.7900000000000000E+02  -0.9647027812263835E-04
   0.7933333333333333E+02  -0.9039825675398140E-04
   0.7966666666666666E+02  -0.8470090170616870E-04
   0.8000000000000000E+02  -0.7935559309609998E-04
   0.8033333333333333E+02  -0.7434103699021024E-04
   0.8066666666666666E+02  -0.6963719034783702E-04
   0.8100000000000000E+02  -0.6522519000252820E-04
   0.8133333333333333E+02  -0.6108728547859888E-04
   0.8166666666666666E+02  -0.5720677544918024E-04
   0.8200000000000000E+02  -0.5356794765064753E-04
   0.8233333333333333E+02  -0.5015602207667640E-04
   0.8266666666666666E+02  -0.4695709728327409E-04
   0.8300000000000000E+02  -0.4395809964396435E-04
   0.8333333333333333E+02  -0.4114673540184562E-04
   0.8366666666666666E+02  -0.3851144537249435E-04
   0.8400000000000000E+02  -0.3604136215863405E-04
   0.8433333333333333E+02  -0.3372626974412300E-04
   0.8466666666666666E+02  -0.3155656534114570E-04
   0.8500000000000000E+02  -0.2952322337053701E-04
   0.8533333333333333E+02  -0.2761776146093366E-04
   0.8566666666666666E+02  -0.2583220835797312E-04
   0.8600000000000000E+02  -0.2415907364006018E-04
   0.8633333333333333E+02  -0.2259131914230994E-04
   0.8666666666666666E+02  -0.2112233199516641E-04
   0.8700000000000000E+02  -0.1974589918888908E-04
   0.8733333333333333E+02  -0.1845618357958546E-04
   0.8766666666666666E+02  -0.1724770125674465E-04
   0.8800000000000000E+02  -0.1611530019628694E-04
   0.8833333333333333E+02  -0.1505414012698579E-04
   0.8866666666666666E+02  -0.1405967354174936E-04
   0.8900000000000000E+02  -0.1312762778868372E-04
   0.8933333333333333E+02  -0.1225398818011198E-04
   0.8966666666666666E+02  -0.1143498206081861E-04
   0.9000000000000000E+02  -0.1066706377974269E-04
   0.9033333333333333E+02  -0.9946900512167724E-05
   0.9066666666666666E+02  -0.9271358882156499E-05
   0.9100000000000000E+02  -0.8637492337556133E-05
   0.9133333333333333E+02  -0.8042529232340338E-05
   0.9166666666666666E+02  -0.7483861573356675E-05
   0.9200000000000000E+02  -0.6959034390697895E-05
   0.9233333333333333E+02  -0.6465735692916987E-05
   0.9266666666666666E+02  -0.6001786970163833E-05
   0.9300000000000000E+02  -0.5565134210051810E-05
   0.9333333333333333E+02  -0.5153839392683658E-05
   0.9366666666666666E+02  -0.4766072432802059E-05
   0.9400000000000000E+02  -0.4400103538497465E-05
   0.9433333333333333E+02  -0.4054295957308608E-05
   0.9466666666666666E+02  -0.3727099081886575E-05
   0.9500000000000000E+02  -0.3417041888644350E-05
   0.9533333333333333E+02  -0.3122726683953683E-05
   0.9566666666666666E+02  -0.2842823133455568E-05
   0.9600000000000000E+02  -0.2576062550907206E-05
   0.9633333333333333E+02  -0.2321232423707467E-05
   0.9666666666666666E+02  -0.2077171152861783E-05
   0.9700000000000000E+02  -0.1842762985726788E-05
   0.9733333333333333E+02  -0.1616933120489986E-05
   0.9766666666666666E+02  -0.1398642962043147E-05
   0.9800000000000000E+02  -0.1186885509661790E-05
   0.9833333333333333E+02  -0.9806808575391821E-06
   0.9866666666666666E+02  -0.7790717894372014E-06
   0.9900000000000000E+02  -0.5811194480937701E-06
   0.9933333333333333E+02  -0.3858990584740458E-06
   0.9966666666666666E+02  -0.1924956836030011E-06
   0.1000000000000000E+03  -0.3830854812064601E-21
