   0.0000000000000000E+00   0.0000000000000000E+00
   0.3333333333333333E+00  -0.9023998435871078E-01
   0.6666666666666666E+00  -0.1209140400968320E+00
   0.1000000000000000E+01  -0.1123601230936161E+00
   0.1333333333333333E+01  -0.7989375276766091E-01
   0.1666666666666667E+01  -0.3483723836281856E-01
   0.2000000000000000E+01   0.1463809971224109E-01
   0.2333333333333333E+01   0.6282547182785037E-01
   0.2666666666666667E+01   0.1059255846122143E+00
   0.3000000000000000E+01   0.1415968622674944E+00
   0.3333333333333333E+01   0.1685943018174225E+00
   0.3666666666666667E+01   0.1864813481547406E+00
   0.4000000000000000E+01   0.1954017212699395E+00
   0.4333333333333333E+01   0.1959002809644650E+00
   0.4666666666666666E+01   0.1887838328100947E+00
   0.5000000000000000E+01   0.1750143137542028E+00
   0.5333333333333333E+01   0.1556280890251422E+00
   0.5666666666666666E+01   0.1316761793273006E+00
   0.6000000000000000E+01   0.1041811492143676E+00
   0.6333333333333333E+01   0.7410715072631807E-01
   0.6666666666666666E+01   0.4234025413562609E-01
   0.7000000000000000E+01   0.9676729794306003E-02
   0.7333333333333333E+01  -0.2318261189771629E-01
   0.7666666666666666E+01  -0.5563354779006837E-01
   0.8000000000000000E+01  -0.8716625808837887E-01
   0.8333333333333332E+01  -0.1173608025110880E+00
   0.8666666666666666E+01  -0.1458810221391207E+00
   0.9000000000000000E+01  -0.1724674642210622E+00
   0.9333333333333332E+01  -0.1969297898608244E+00
   0.9666666666666666E+01  -0.2191390131526965E+00
   0.1000000000000000E+02  -0.2390198306429196E+00
   0.1033333333333333E+02  -0.2565432282588504E+00
   0.1066666666666667E+02  -0.2717194958498971E+00
   0.1100000000000000E+02  -0.2845917345399704E+00
   0.1133333333333333E+02  -0.2952299070098561E+00
   0.1166666666666667E+02  -0.3037254538391130E+00
   0.1200000000000000E+02  -0.3101864786587909E+00
   0.1233333333333333E+02  -0.3147334898243104E+00
   0.1266666666666667E+02  -0.3174956755277090E+00
   0.1300000000000000E+02  -0.3186076818335025E+00
   0.1333333333333333E+02  -0.3182068583270124E+00
   0.1366666666666667E+02  -0.3164309333432819E+00
   0.1400000000000000E+02  -0.3134160796355983E+00
   0.1433333333333333E+02  -0.3092953314536668E+00
   0.1466666666666667E+02  -0.3041973150058455E+00
   0.1500000000000000E+02  -0.2982452559148477E+00
   0.1533333333333333E+02  -0.2915562293407366E+00
   0.1566666666666667E+02  -0.2842406207883416E+00
   0.1600000000000000E+02  -0.2764017681206407E+00
   0.1633333333333333E+02  -0.2681357578693168E+00
   0.1666666666666666E+02  -0.2595313514921012E+00
   0.1700000000000000E+02  -0.2506700197163160E+00
   0.1733333333333333E+02  -0.2416260654901915E+00
   0.1766666666666666E+02  -0.2324668183138445E+00
   0.1800000000000000E+02  -0.2232528848250555E+00
   0.1833333333333333E+02  -0.2140384424614400E+00
   0.1866666666666666E+02  -0.2048715648052253E+00
   0.1900000000000000E+02  -0.1957945688391604E+00
   0.1933333333333333E+02  -0.1868443758059717E+00
   0.1966666666666666E+02  -0.1780528786764146E+00
   0.2000000000000000E+02  -0.1694473104010412E+00
   0.2033333333333333E+02  -0.1610506081574435E+00
   0.2066666666666666E+02  -0.1528817697172990E+00
   0.2100000000000000E+02  -0.1449561988555682E+00
   0.2133333333333333E+02  -0.1372860374173574E+00
   0.2166666666666666E+02  -0.1298804822559101E+00
   0.2200000000000000E+02  -0.1227460857672709E+00
   0.2233333333333333E+02  -0.1158870391822009E+00
   0.2266666666666666E+02  -0.1093054381422233E+00
   0.2300000000000000E+02  -0.1030015303920144E+00
   0.2333333333333333E+02  -0.9697394567193275E-01
   0.2366666666666666E+02  -0.9121990809899232E-01
   0.2400000000000000E+02  -0.8573543148814633E-01
   0.2433333333333333E+02  -0.8051549819389094E-01
   0.2466666666666666E+02  -0.7555422214990656E-01
   0.2500000000000000E+02  -0.7084499685613843E-01
   0.2533333333333333E+02  -0.6638062911220562E-01
   0.2566666666666666E+02  -0.6215345932670761E-01
   0.2600000000000000E+02  -0.5815546924684549E-01
   0.2633333333333333E+02  -0.5437837795448377E-01
   0.2666666666666666E+02  -0.5081372696574980E-01
   0.2700000000000000E+02  -0.4745295525361803E-01
   0.2733333333333333E+02  -0.4428746498848189E-01
   0.2766666666666666E+02  -0.4130867876206541E-01
   0.2800000000000000E+02  -0.3850808902652319E-01
   0.2833333333333333E+02  -0.3587730044438911E-01
   0.2866666666666666E+02  -0.3340806580714527E-01
   0.2900000000000000E+02  -0.3109231614138192E-01
   0.2933333333333333E+02  -0.2892218558242238E-01
   0.2966666666666666E+02  -0.2689003155636426E-01
   0.3000000000000000E+02  -0.2498845077311938E-01
   0.3033333333333333E+02  -0.2321029149554143E-01
   0.3066666666666666E+02  -0.2154866251339218E-01
   0.3100000000000000E+02  -0.1999693921594141E-01
   0.3133333333333333E+02  -0.1854876712360318E-01
   0.3166666666666666E+02  -0.1719806320732167E-01
   0.3200000000000000E+02  -0.1593901529452628E-01
   0.3233333333333333E+02  -0.1476607983243211E-01
   0.3266666666666666E+02  -0.1367397825328413E-01
   0.3300000000000000E+02  -0.1265769216180546E-01
   0.3333333333333333E+02  -0.1171245754254744E-01
   0.3366666666666666E+02  -0.1083375816396828E-01
   0.3400000000000000E+02  -0.1001731833679127E-01
   0.3433333333333333E+02  -0.9259095166426949E-02
   0.3466666666666666E+02  -0.8555270422910969E-02
   0.3500000000000000E+02  -0.7902242136839481E-02
   0.3533333333333333E+02  -0.7296616016118875E-02
   0.3566666666666666E+02  -0.6735196765930626E-02
   0.3600000000000000E+02  -0.6214979383086007E-02
   0.3633333333333333E+02  -0.5733140485843620E-02
   0.3666666666666666E+02  -0.5287029731212462E-02
   0.3700000000000000E+02  -0.4874161363681844E-02
   0.3733333333333333E+02  -0.4492205932118121E-02
   0.3766666666666666E+02  -0.4138982205157393E-02
   0.3800000000000000E+02  -0.3812449309717280E-02
   0.3833333333333333E+02  -0.3510699112176388E-02
   0.3866666666666666E+02  -0.3231948857266339E-02
   0.3900000000000000E+02  -0.2974534075738450E-02
   0.3933333333333333E+02  -0.2736901768367426E-02
   0.3966666666666666E+02  -0.2517603870808041E-02
   0.4000000000000000E+02  -0.2315291001197754E-02
   0.4033333333333333E+02  -0.2128706490166605E-02
   0.4066666666666666E+02  -0.1956680691040408E-02
   0.4100000000000000E+02  -0.1798125566464461E-02
   0.4133333333333333E+02  -0.1652029546390447E-02
   0.4166666666666666E+02  -0.1517452651316750E-02
   0.4200000000000000E+02  -0.1393521873813299E-02
   0.4233333333333333E+02  -0.1279426810664780E-02
   0.4266666666666666E+02  -0.1174415537406905E-02
   0.4300000000000000E+02  -0.1077790716592815E-02
   0.4333333333333333E+02  -0.9889059308008299E-03
   0.4366666666666666E+02  -0.9071622311760462E-03
   0.4400000000000000E+02  -0.8320048921812619E-03
   0.4433333333333333E+02  -0.7629203632101600E-03
   0.4466666666666666E+02  -0.6994334077773491E-03
   0.4500000000000000E+02  -0.6411044211322918E-03
   0.4533333333333333E+02  -0.5875269173313194E-03
   0.4566666666666666E+02  -0.5383251770272724E-03
   0.4600000000000000E+02  -0.4931520474848258E-03
   0.4633333333333333E+02  -0.4516868865903323E-03
   0.4666666666666666E+02  -0.4136336428912157E-03
   0.4700000000000000E+02  -0.3787190639688881E-03
   0.4733333333333333E+02  -0.3466910257218763E-03
   0.4766666666666666E+02  -0.3173169754158423E-03
   0.4800000000000000E+02  -0.2903824816472230E-03
   0.4833333333333333E+02  -0.2656898846683264E-03
   0.4866666666666666E+02  -0.2430570408324752E-03
   0.4900000000000000E+02  -0.2223161552343858E-03
   0.4933333333333333E+02  -0.2033126969374743E-03
   0.4966666666666666E+02  -0.1859043914894449E-03
   0.5000000000000000E+02  -0.1699602857243581E-03
   0.5033333333333333E+02  -0.1553598801296276E-03
   0.5066666666666666E+02  -0.1419923243186501E-03
   0.5100000000000000E+02  -0.1297556713949329E-03
   0.5133333333333333E+02  -0.1185561872247285E-03
   0.5166666666666666E+02  -0.1083077108565798E-03
   0.5200000000000000E+02  -0.9893106254153845E-04
   0.5233333333333333E+02  -0.9035349601948726E-04
   0.5266666666666666E+02  -0.8250819194560300E-04
   0.5300000000000000E+02  -0.7533378953548257E-04
   0.5333333333333333E+02  -0.6877395370525782E-04
   0.5366666666666666E+02  -0.6277697517085127E-04
   0.5400000000000000E+02  -0.5729540114552568E-04
   0.5433333333333333E+02  -0.5228569443547703E-04
   0.5466666666666666E+02  -0.4770791887924711E-04
   0.5500000000000000E+02  -0.4352544920942468E-04
   0.5533333333333333E+02  -0.3970470353698525E-04
   0.5566666666666666E+02  -0.3621489677287226E-04
   0.5600000000000000E+02  -0.3302781341085350E-04
   0.5633333333333333E+02  -0.3011759820213916E-04
   0.5666666666666666E+02  -0.2746056335644463E-04
   0.5700000000000000E+02  -0.2503501100571238E-04
   0.5733333333333333E+02  -0.2282106976415805E-04
   0.5766666666666666E+02  -0.2080054430974854E-04
   0.5800000000000000E+02  -0.1895677699599164E-04
   0.5833333333333333E+02  -0.1727452057813193E-04
   0.5866666666666666E+02  -0.1573982120450466E-04
   0.5900000000000000E+02  -0.1433991088276956E-04
   0.5933333333333333E+02  -0.1306310868370291E-04
   0.5966666666666666E+02  -0.1189872999423701E-04
   0.6000000000000000E+02  -0.1083700317832917E-04
   0.6033333333333333E+02  -0.9868993050208402E-05
   0.6066666666666666E+02  -0.8986530610058861E-05
   0.6100000000000000E+02  -0.8182148536993686E-05
   0.6133333333333333E+02  -0.7449021977339691E-05
   0.6166666666666666E+02  -0.6780914206543176E-05
   0.6200000000000000E+02  -0.6172126779340389E-05
   0.6233333333333333E+02  -0.5617453814623541E-05
   0.6266666666666666E+02  -0.5112140088647122E-05
   0.6300000000000000E+02  -0.4651842633390371E-05
   0.6333333333333333E+02  -0.4232595557056505E-05
   0.6366666666666666E+02  -0.3850777822138062E-05
   0.6400000000000000E+02  -0.3503083734343548E-05
   0.6433333333333333E+02  -0.3186495913692395E-05
   0.6466666666666666E+02  -0.2898260537509021E-05
   0.6500000000000000E+02  -0.2635864663683132E-05
   0.6533333333333333E+02  -0.2397015460795907E-05
   0.6566666666666666E+02  -0.2179621188707948E-05
   0.6600000000000000E+02  -0.1981773788244057E-05
   0.6633333333333333E+02  -0.1801732951283069E-05
   0.6666666666666666E+02  -0.1637911552821059E-05
   0.6700000000000000E+02  -0.1488862334734384E-05
   0.6733333333333333E+02  -0.1353265737659904E-05
   0.6766666666666666E+02  -0.1229918783431741E-05
   0.6800000000000000E+02  -0.1117724916566681E-05
   0.6833333333333333E+02  -0.1015684719814420E-05
   0.6866666666666666E+02  -0.9228874259304892E-06
   0.6900000000000000E+02  -0.8385031554386630E-06
   0.6933333333333333E+02  -0.7617758178089085E-06
   0.6966666666666666E+02  -0.6920166206334943E-06
   0.7000000000000000E+02  -0.6285981375565153E-06
   0.7033333333333333E+02  -0.5709488906216539E-06
   0.7066666666666666E+02  -0.5185484063022519E-06
   0.7100000000000000E+02  -0.4709227069509169E-06
   0.7133333333333333E+02  -0.4276402011454250E-06
   0.7166666666666666E+02  -0.3883079379115454E-06
   0.7200000000000000E+02  -0.3525681915070504E-06
   0.7233333333333333E+02  -0.3200953456243924E-06
   0.7266666666666666E+02  -0.2905930485934347E-06
   0.7300000000000000E+02  -0.2637916143318291E-06
   0.7333333333333333E+02  -0.2394456471201451E-06
   0.7366666666666666E+02  -0.2173318714059469E-06
   0.7400000000000000E+02  -0.1972471504472488E-06
   0.7433333333333333E+02  -0.1790066795037001E-06
   0.7466666666666666E+02  -0.1624423404359271E-06
   0.7500000000000000E+02  -0.1474012050921299E-06
   0.7533333333333333E+02  -0.1337441749936054E-06
   0.7566666666666666E+02  -0.1213447448927873E-06
   0.7600000000000000E+02  -0.1100878780438926E-06
   0.7633333333333333E+02  -0.9986898166551244E-07
   0.7666666666666666E+02  -0.9059297213255403E-07
   0.7700000000000000E+02  -0.8217342083546469E-07
   0.7733333333333333E+02  -0.7453177320112848E-07
   0.7766666666666666E+02  -0.6759663483991677E-07
   0.7800000000000000E+02  -0.6130311995647284E-07
   0.7833333333333333E+02  -0.5559225791327084E-07
   0.7866666666666666E+02  -0.5041045413947585E-07
   0.7900000000000000E+02  -0.4570900150519108E-07
   0.7933333333333333E+02  -0.4144363799329125E-07
   0.7966666666666666E+02  -0.3757414620261256E-07
   0.8000000000000000E+02  -0.3406399008535633E-07
   0.8033333333333333E+02  -0.3087998446532945E-07
   0.8066666666666666E+02  -0.2799199332842658E-07
   0.8100000000000000E+02  -0.2537265356789219E-07
   0.8133333333333333E+02  -0.2299712167693822E-07
   0.8166666666666666E+02  -0.2084284164635566E-07
   0.8200000000000000E+02  -0.1888933290310403E-07
   0.8233333333333333E+02  -0.1711799743422755E-07
   0.8266666666666666E+02  -0.1551194526226123E-07
   0.8300000000000000E+02  -0.1405583722375100E-07
   0.8333333333333333E+02  -0.1273574366173239E-07
   0.8366666666666666E+02  -0.1153901731570450E-07
   0.8400000000000000E+02  -0.1045417849910614E-07
   0.8433333333333333E+02  -0.9470810665126446E-08
   0.8466666666666666E+02  -0.8579464690857614E-08
   0.8500000000000000E+02  -0.7771570614659702E-08
   0.8533333333333333E+02  -0.7039356048725916E-08
   0.8566666666666666E+02  -0.6375770940091262E-08
   0.8600000000000000E+02  -0.5774418667983900E-08
   0.8633333333333333E+02  -0.5229493586197764E-08
   0.8666666666666666E+02  -0.4735725038143606E-08
   0.8700000000000000E+02  -0.4288327630878659E-08
   0.8733333333333333E+02  -0.3882957238302538E-08
   0.8766666666666666E+02  -0.3515671919195793E-08
   0.8800000000000000E+02  -0.3182896772300833E-08
   0.8833333333333333E+02  -0.2881391757371864E-08
   0.8866666666666666E+02  -0.2608221691681942E-08
   0.8900000000000000E+02  -0.2360727943944358E-08
   0.8933333333333333E+02  -0.2136501709571536E-08
   0.8966666666666666E+02  -0.1933359062199331E-08
   0.9000000000000000E+02  -0.1749318154164940E-08
   0.9033333333333333E+02  -0.1582578941469994E-08
   0.9066666666666666E+02  -0.1431505640698317E-08
   0.9100000000000000E+02  -0.1294611836054702E-08
   0.9133333333333333E+02  -0.1170547833984951E-08
   0.9166666666666666E+02  -0.1058089616502669E-08
   0.9200000000000000E+02  -0.9561286549533590E-09
   0.9233333333333333E+02  -0.8636619486159341E-09
   0.9266666666666666E+02  -0.7797819294793188E-09
   0.9300000000000000E+02  -0.7036662551434015E-09
   0.9333333333333333E+02  -0.6345678799719300E-09
   0.9366666666666666E+02  -0.5718060209630214E-09
   0.9400000000000000E+02  -0.5147586286067465E-09
   0.9433333333333333E+02  -0.4628567145009316E-09
   0.9466666666666666E+02  -0.4155804351303103E-09
   0.9500000000000000E+02  -0.3724563211300853E-09
   0.9533333333333333E+02  -0.3330546731146177E-09
   0.9566666666666666E+02  -0.2969861184882741E-09
   0.9600000000000000E+02  -0.2638967363549934E-09
   0.9633333333333333E+02  -0.2334619423047522E-09
   0.9666666666666666E+02  -0.2053802346404581E-09
   0.9700000000000000E+02  -0.1793685157512541E-09
   0.9733333333333333E+02  -0.1551604831029382E-09
   0.9766666666666666E+02  -0.1325081761431233E-09
   0.9800000000000000E+02  -0.1111844505750682E-09
   0.9833333333333333E+02  -0.9098213917555874E-10
   0.9866666666666666E+02  -0.7170614685223014E-10
   0.9900000000000000E+02  -0.5316068795210811E-10
   0.9933333333333333E+02  -0.3514586322802815E-10
   0.9966666666666666E+02  -0.1747985328606529E-10
   0.1000000000000000E+03  -0.3771847830955609E-25
