   0.0000000000000000E+00   0.0000000000000000E+00
   0.3333333333333333E+00   0.1662647155855619E+00
   0.6666666666666666E+00   0.2251840638662138E+00
   0.1000000000000000E+01   0.2144409680712662E+00
   0.1333333333333333E+01   0.1613514382652061E+00
   0.1666666666666667E+01   0.8536315645386069E-01
   0.2000000000000000E+01  -0.1944726124069987E-08
   0.2333333333333333E+01  -0.8563152759461040E-01
   0.2666666666666667E+01  -0.1656811835543551E+00
   0.3000000000000000E+01  -0.2366652693382430E+00
   0.3333333333333333E+01  -0.2967893642101435E+00
   0.3666666666666667E+01  -0.3454368183274188E+00
   0.4000000000000000E+01  -0.3827859884273777E+00
   0.4333333333333333E+01  -0.4095269853798952E+00
   0.4666666666666666E+01  -0.4266549029513623E+00
   0.5000000000000000E+01  -0.4353214474737771E+00
   0.5333333333333333E+01  -0.4367308346564379E+00
   0.5666666666666666E+01  -0.4320689537727432E+00
   0.6000000000000000E+01  -0.4224572756617856E+00
   0.6333333333333333E+01  -0.4089249301261917E+00
   0.6666666666666666E+01  -0.3923939098879451E+00
   0.7000000000000000E+01  -0.3736735608217179E+00
   0.7333333333333333E+01  -0.3534614601385035E+00
   0.7666666666666666E+01  -0.3323485175570147E+00
   0.8000000000000000E+01  -0.3108267008947885E+00
   0.8333333333333332E+01  -0.2892982218751026E+00
   0.8666666666666666E+01  -0.2680853493824591E+00
   0.9000000000000000E+01  -0.2474402692490421E+00
   0.9333333333333332E+01  -0.2275545997305566E+00
   0.9666666666666666E+01  -0.2085683134556398E+00
   0.1000000000000000E+02  -0.1905779203161017E+00
   0.1033333333333333E+02  -0.1736438402343850E+00
   0.1066666666666667E+02  -0.1577969471843973E+00
   0.1100000000000000E+02  -0.1430443019134224E+00
   0.1133333333333333E+02  -0.1293741147187381E+00
   0.1166666666666667E+02  -0.1167599944025305E+00
   0.1200000000000000E+02  -0.1051645474806344E+00
   0.1233333333333333E+02  -0.9454239474649752E-01
   0.1266666666666667E+02  -0.8484267192204825E-01
   0.1300000000000000E+02  -0.7601107853654866E-01
   0.1333333333333333E+02  -0.6799153519742460E-01
   0.1366666666666667E+02  -0.6072750461629356E-01
   0.1400000000000000E+02  -0.5416302653089199E-01
   0.1433333333333333E+02  -0.4824351132910418E-01
   0.1466666666666667E+02  -0.4291633196788939E-01
   0.1500000000000000E+02  -0.3813124884534657E-01
   0.1533333333333333E+02  -0.3384069771471002E-01
   0.1566666666666667E+02  -0.2999996655649048E-01
   0.1600000000000000E+02  -0.2656728355385163E-01
   0.1633333333333333E+02  -0.2350383494105215E-01
   0.1666666666666666E+02  -0.2077372850343488E-01
   0.1700000000000000E+02  -0.1834391588199059E-01
   0.1733333333333333E+02  -0.1618408455224975E-01
   0.1766666666666666E+02  -0.1426652837837011E-01
   0.1800000000000000E+02  -0.1256600395952227E-01
   0.1833333333333333E+02  -0.1105957855790270E-01
   0.1866666666666666E+02  -0.9726474197309029E-02
   0.1900000000000000E+02  -0.8547911520119687E-02
   0.1933333333333333E+02  -0.7506956161353336E-02
   0.1966666666666666E+02  -0.6588369715254735E-02
   0.2000000000000000E+02  -0.5778466809065020E-02
   0.2033333333333333E+02  -0.5064979339968373E-02
   0.2066666666666666E+02  -0.4436928557681052E-02
   0.2100000000000000E+02  -0.3884505373113685E-02
   0.2133333333333333E+02  -0.3398959032499112E-02
   0.2166666666666666E+02  -0.2972494108224864E-02
   0.2200000000000000E+02  -0.2598175615351220E-02
   0.2233333333333333E+02  -0.2269841959789914E-02
   0.2266666666666666E+02  -0.1982025353892841E-02
   0.2300000000000000E+02  -0.1729879291443784E-02
   0.2333333333333333E+02  -0.1509112650664607E-02
   0.2366666666666666E+02  -0.1315929985204264E-02
   0.2400000000000000E+02  -0.1146977564384077E-02
   0.2433333333333333E+02  -0.9992947315236036E-03
   0.2466666666666666E+02  -0.8702701604085560E-03
   0.2500000000000000E+02  -0.7576026034657370E-03
   0.2533333333333333E+02  -0.6592657406135718E-03
   0.2566666666666666E+02  -0.5734767553657367E-03
   0.2600000000000000E+02  -0.4986682849378157E-03
   0.2633333333333333E+02  -0.4334634138720925E-03
   0.2666666666666666E+02  -0.3766534056671558E-03
   0.2700000000000000E+02  -0.3271778932723727E-03
   0.2733333333333333E+02  -0.2841072759093771E-03
   0.2766666666666666E+02  -0.2466270951924707E-03
   0.2800000000000000E+02  -0.2140241868235784E-03
   0.2833333333333333E+02  -0.1856744245492767E-03
   0.2866666666666666E+02  -0.1610318903792480E-03
   0.2900000000000000E+02  -0.1396193195469419E-03
   0.2933333333333333E+02  -0.1210196810458998E-03
   0.2966666666666666E+02  -0.1048687657301687E-03
   0.3000000000000000E+02  -0.9084866475738612E-04
   0.3033333333333333E+02  -0.7868203211056364E-04
   0.3066666666666666E+02  -0.6812703624479070E-04
   0.3100000000000000E+02  -0.5897291740602992E-04
   0.3133333333333333E+02  -0.5103607838602357E-04
   0.3166666666666666E+02  -0.4415664677545955E-04
   0.3200000000000000E+02  -0.3819545560965901E-04
   0.3233333333333333E+02  -0.3303139636024065E-04
   0.3266666666666666E+02  -0.2855910348061598E-04
   0.3300000000000000E+02  -0.2468693340635024E-04
   0.3333333333333333E+02  -0.2133520353457192E-04
   0.3366666666666666E+02  -0.1843465887529250E-04
   0.3400000000000000E+02  -0.1592513632255067E-04
   0.3433333333333333E+02  -0.1375439917764451E-04
   0.3466666666666666E+02  -0.1187711778746183E-04
   0.3500000000000000E+02  -0.1025397582895483E-04
   0.3533333333333333E+02  -0.8850885563108638E-05
   0.3566666666666666E+02  -0.7638298880001962E-05
   0.3600000000000000E+02  -0.6590603796325698E-05
   0.3633333333333333E+02  -0.5685598036119621E-05
   0.3666666666666666E+02  -0.4904032387424911E-05
   0.3700000000000000E+02  -0.4229216820083651E-05
   0.3733333333333333E+02  -0.3646682168560926E-05
   0.3766666666666666E+02  -0.3143889903207670E-05
   0.3800000000000000E+02  -0.2709982461613734E-05
   0.3833333333333333E+02  -0.2335566991228994E-05
   0.3866666666666666E+02  -0.2012526224998542E-05
   0.3900000000000000E+02  -0.1733851489999855E-05
   0.3933333333333333E+02  -0.1493494322712797E-05
   0.3966666666666666E+02  -0.1286234555236188E-05
   0.4000000000000000E+02  -0.1107563801473371E-05
   0.4033333333333333E+02  -0.9535838661986898E-06
   0.4066666666666666E+02  -0.8209196905143079E-06
   0.4100000000000000E+02  -0.7066461146124954E-06
   0.4133333333333333E+02  -0.6082271643503794E-06
   0.4166666666666666E+02  -0.5234659845968402E-06
   0.4200000000000000E+02  -0.4504631528911178E-06
   0.4233333333333333E+02  -0.3875810355379601E-06
   0.4266666666666666E+02  -0.3334121280435067E-06
   0.4300000000000000E+02  -0.2867498951129706E-06
   0.4333333333333333E+02  -0.2465613528381192E-06
   0.4366666666666666E+02  -0.2119613360208707E-06
   0.4400000000000000E+02  -0.1821889085833352E-06
   0.4433333333333333E+02  -0.1565866094918191E-06
   0.4466666666666666E+02  -0.1345831574308666E-06
   0.4500000000000000E+02  -0.1156799136589148E-06
   0.4533333333333333E+02  -0.9944093808736991E-07
   0.4566666666666666E+02  -0.8548601568045258E-07
   0.4600000000000000E+02  -0.7348570718624219E-07
   0.4633333333333333E+02  -0.6315736780465727E-07
   0.4666666666666666E+02  -0.5426119968434138E-07
   0.4700000000000000E+02  -0.4659572121010987E-07
   0.4733333333333333E+02  -0.3999245785523838E-07
   0.4766666666666666E+02  -0.3431006934172694E-07
   0.4800000000000000E+02  -0.2942842415924432E-07
   0.4833333333333333E+02  -0.2524325367843184E-07
   0.4866666666666666E+02  -0.2166194883683012E-07
   0.4900000000000000E+02  -0.1860083357816923E-07
   0.4933333333333333E+02  -0.1598393339093273E-07
   0.4966666666666666E+02  -0.1374294807507351E-07
   0.5000000000000000E+02  -0.1181791705589471E-07
   0.5033333333333333E+02  -0.1015798263686240E-07
   0.5066666666666666E+02  -0.8721724076503523E-08
   0.5100000000000000E+02  -0.7476728825026828E-08
   0.5133333333333333E+02  -0.6398328895941965E-08
   0.5166666666666666E+02  -0.5467685462400097E-08
   0.5200000000000000E+02  -0.4669588109974265E-08
   0.5233333333333333E+02  -0.3990407324981090E-08
   0.5266666666666666E+02  -0.3416589851829384E-08
   0.5300000000000000E+02  -0.2933936191017904E-08
   0.5333333333333333E+02  -0.2527694026841963E-08
   0.5366666666666666E+02  -0.2183300604518687E-08
   0.5400000000000000E+02  -0.1887463271442979E-08
   0.5433333333333333E+02  -0.1629212144583811E-08
   0.5466666666666666E+02  -0.1400600132782647E-08
   0.5500000000000000E+02  -0.1196847634277752E-08
   0.5533333333333333E+02  -0.1015895154551154E-08
   0.5566666666666666E+02  -0.8574890223454794E-09
   0.5600000000000000E+02  -0.7220415588036534E-09
   0.5633333333333333E+02  -0.6095522374564032E-09
   0.5666666666666666E+02  -0.5188442132980834E-09
   0.5700000000000000E+02  -0.4472736731146654E-09
   0.5733333333333333E+02  -0.3909373742256797E-09
   0.5766666666666666E+02  -0.3452747651875810E-09
   0.5800000000000000E+02  -0.3058686386385309E-09
   0.5833333333333333E+02  -0.2692125513937931E-09
   0.5866666666666666E+02  -0.2332393449935069E-09
   0.5900000000000000E+02  -0.1974829566116366E-09
   0.5933333333333333E+02  -0.1628516449154980E-09
   0.5966666666666666E+02  -0.1310941571150590E-09
   0.6000000000000000E+02  -0.1041145023650117E-09
   0.6033333333333333E+02  -0.8331972022344830E-10
   0.6066666666666666E+02  -0.6916427936333356E-10
   0.6100000000000000E+02  -0.6099256148045170E-10
   0.6133333333333333E+02  -0.5719622978159411E-10
   0.6166666666666666E+02  -0.5562064577720698E-10
   0.6200000000000000E+02  -0.5409527072269502E-10
   0.6233333333333333E+02  -0.5094009313911139E-10
   0.6266666666666666E+02  -0.4531681005276422E-10
   0.6300000000000000E+02  -0.3734331328017214E-10
   0.6333333333333333E+02  -0.2795782634439194E-10
   0.6366666666666666E+02  -0.1858519980327565E-10
   0.6400000000000000E+02  -0.1070528765346696E-10
   0.6433333333333333E+02  -0.5441654720182422E-11
   0.6466666666666666E+02  -0.3275508588178551E-11
   0.6500000000000000E+02  -0.3949871475329189E-11
   0.6533333333333333E+02  -0.6574751299103852E-11
   0.6566666666666666E+02  -0.9891130456539742E-11
   0.6600000000000000E+02  -0.1261366625353737E-10
   0.6633333333333333E+02  -0.1375736412365406E-10
   0.6666666666666666E+02  -0.1286421824823776E-10
   0.6700000000000000E+02  -0.1007777653158534E-10
   0.6733333333333333E+02  -0.6057050165407635E-11
   0.6766666666666666E+02  -0.1763582902276372E-11
   0.6800000000000000E+02   0.1814150032665497E-11
   0.6833333333333333E+02   0.3923153624024203E-11
   0.6866666666666666E+02   0.4227907219664435E-11
   0.6900000000000000E+02   0.2870345737288395E-11
   0.6933333333333333E+02   0.4010669333841557E-12
   0.6966666666666666E+02  -0.2391034854872516E-11
   0.7000000000000000E+02  -0.4699211848272880E-11
   0.7033333333333333E+02  -0.5908561155298096E-11
   0.7066666666666666E+02  -0.5741124442169316E-11
   0.7100000000000000E+02  -0.4303126339835889E-11
   0.7133333333333333E+02  -0.2029042638533191E-11
   0.7166666666666666E+02   0.4555789708704813E-12
   0.7200000000000000E+02   0.2511165689562422E-11
   0.7233333333333333E+02   0.3652224082621350E-11
   0.7266666666666666E+02   0.3663342614903843E-11
   0.7300000000000000E+02   0.2636510842124432E-11
   0.7333333333333333E+02   0.9256439011636706E-12
   0.7366666666666666E+02  -0.9639358202667736E-12
   0.7400000000000000E+02  -0.2517717643882543E-11
   0.7433333333333333E+02  -0.3346674802040928E-11
   0.7466666666666666E+02  -0.3279759290254323E-11
   0.7500000000000000E+02  -0.2392984841473649E-11
   0.7533333333333333E+02  -0.9719754079777857E-12
   0.7566666666666666E+02   0.5775540341781982E-12
   0.7600000000000000E+02   0.1844413848975681E-11
   0.7633333333333333E+02   0.2520007226826287E-11
   0.7666666666666666E+02   0.2472017909722620E-11
   0.7700000000000000E+02   0.1766772369929504E-11
   0.7733333333333333E+02   0.6379912669055151E-12
   0.7766666666666666E+02  -0.5861594245416013E-12
   0.7800000000000000E+02  -0.1575765671344423E-11
   0.7833333333333333E+02  -0.2085981411345678E-11
   0.7866666666666666E+02  -0.2015540982665393E-11
   0.7900000000000000E+02  -0.1423467241596605E-11
   0.7933333333333333E+02  -0.5024195872940213E-12
   0.7966666666666666E+02   0.4813615167183957E-12
   0.8000000000000000E+02   0.1263476939563603E-11
   0.8033333333333333E+02   0.1651261827863867E-11
   0.8066666666666666E+02   0.1570018065706658E-11
   0.8100000000000000E+02   0.1074865589655924E-11
   0.8133333333333333E+02   0.3273229606722007E-12
   0.8166666666666666E+02  -0.4548665313124915E-12
   0.8200000000000000E+02  -0.1059628157653894E-11
   0.8233333333333333E+02  -0.1336956820540935E-11
   0.8266666666666666E+02  -0.1235087663502132E-11
   0.8300000000000000E+02  -0.8079798538783057E-12
   0.8333333333333333E+02  -0.1938749077364493E-12
   0.8366666666666666E+02   0.4275376509922850E-12
   0.8400000000000000E+02   0.8865388786834389E-12
   0.8433333333333333E+02   0.1068990134109983E-11
   0.8466666666666666E+02   0.9440699184474655E-12
   0.8500000000000000E+02   0.5675661485800400E-12
   0.8533333333333333E+02   0.6118519927219070E-13
   0.8566666666666666E+02  -0.4251330222165712E-12
   0.8600000000000000E+02  -0.7566262824487388E-12
   0.8633333333333333E+02  -0.8505451978059938E-12
   0.8666666666666666E+02  -0.6964619600672408E-12
   0.8700000000000000E+02  -0.3551310222290508E-12
   0.8733333333333333E+02   0.6278485405416423E-13
   0.8766666666666666E+02   0.4311976416203191E-12
   0.8800000000000000E+02   0.6459078657384484E-12
   0.8833333333333333E+02   0.6539185764896087E-12
   0.8866666666666666E+02   0.4665215474739257E-12
   0.8900000000000000E+02   0.1528532116883763E-12
   0.8933333333333333E+02  -0.1835652461222748E-12
   0.8966666666666666E+02  -0.4378229450424588E-12
   0.9000000000000000E+02  -0.5359792622350352E-12
   0.9033333333333333E+02  -0.4569274821267413E-12
   0.9066666666666666E+02  -0.2371384916596038E-12
   0.9100000000000000E+02   0.4303460741287133E-13
   0.9133333333333333E+02   0.2869964638771997E-12
   0.9166666666666666E+02   0.4145100643560833E-12
   0.9200000000000000E+02   0.3885379018559098E-12
   0.9233333333333333E+02   0.2272251715954237E-12
   0.9266666666666666E+02  -0.3410382424732264E-14
   0.9300000000000000E+02  -0.2140462429100527E-12
   0.9333333333333333E+02  -0.3255904495357085E-12
   0.9366666666666666E+02  -0.2996109885775739E-12
   0.9400000000000000E+02  -0.1538502290416496E-12
   0.9433333333333333E+02   0.4433383243111581E-13
   0.9466666666666666E+02   0.2057477367904044E-12
   0.9500000000000000E+02   0.2585270047446865E-12
   0.9533333333333333E+02   0.1823771715969345E-12
   0.9566666666666666E+02   0.2111614996663940E-13
   0.9600000000000000E+02  -0.1360251548052785E-12
   0.9633333333333333E+02  -0.2001578508024067E-12
   0.9666666666666666E+02  -0.1354853599969908E-12
   0.9700000000000000E+02   0.1159142287807006E-13
   0.9733333333333333E+02   0.1335624039704068E-12
   0.9766666666666666E+02   0.1346312306853016E-12
   0.9800000000000000E+02   0.1597897855749268E-13
   0.9833333333333333E+02  -0.1009977574863446E-12
   0.9866666666666666E+02  -0.7846045504037393E-13
   0.9900000000000000E+02   0.4881693439518352E-13
   0.9933333333333333E+02   0.5345476058163350E-13
   0.9966666666666666E+02  -0.5209831396565729E-13
   0.1000000000000000E+03   0.5229249339134049E-26
