   0.0000000000000000E+00   0.0000000000000000E+00
   0.3333333333333333E+00  -0.4776872992459043E+00
   0.6666666666666666E+00  -0.6845565257599383E+00
   0.1000000000000000E+01  -0.7357587497511366E+00
   0.1333333333333333E+01  -0.7029252670540684E+00
   0.1666666666666667E+01  -0.6295855171429361E+00
   0.2000000000000000E+01  -0.5413416608806624E+00
   0.2333333333333333E+01  -0.4525359254039057E+00
   0.2666666666666667E+01  -0.3705779208986629E+00
   0.3000000000000000E+01  -0.2987219649439002E+00
   0.3333333333333333E+01  -0.2378267061884441E+00
   0.3666666666666667E+01  -0.1874517384403166E+00
   0.4000000000000000E+01  -0.1465255272050764E+00
   0.4333333333333333E+01  -0.1137389769095400E+00
   0.4666666666666666E+01  -0.8776621302297735E-01
   0.5000000000000000E+01  -0.6737905067330920E-01
   0.5333333333333333E+01  -0.5149795119273506E-01
   0.5666666666666666E+01  -0.3920640501154597E-01
   0.6000000000000000E+01  -0.2974533918224420E-01
   0.6333333333333333E+01  -0.2249761157262031E-01
   0.6666666666666666E+01  -0.1696859216162043E-01
   0.7000000000000000E+01  -0.1276629189667618E-01
   0.7333333333333333E+01  -0.9582885148787561E-02
   0.7666666666666666E+01  -0.7178459150359996E-02
   0.8000000000000000E+01  -0.5367224769914223E-02
   0.8333333333333332E+01  -0.4006100410777164E-02
   0.8666666666666666E+01  -0.2985429402726399E-02
   0.9000000000000000E+01  -0.2221536079524698E-02
   0.9333333333333332E+01  -0.1650820744652694E-02
   0.9666666666666666E+01  -0.1225114907871413E-02
   0.1000000000000000E+02  -0.9080525616039687E-03
   0.1033333333333333E+02  -0.6722521352968935E-03
   0.1066666666666667E+02  -0.4971410957952140E-03
   0.1100000000000000E+02  -0.3672875134852359E-03
   0.1133333333333333E+02  -0.2711292696162635E-03
   0.1166666666666667E+02  -0.2000126318165412E-03
   0.1200000000000000E+02  -0.1474689261976958E-03
   0.1233333333333333E+02  -0.1086720902160288E-03
   0.1266666666666667E+02  -0.8003179517531902E-04
   0.1300000000000000E+02  -0.5888705586235013E-04
   0.1333333333333333E+02  -0.4327397587283448E-04
   0.1366666666666667E+02  -0.3174849618149894E-04
   0.1400000000000000E+02  -0.2325068057066745E-04
   0.1433333333333333E+02  -0.1700122073533533E-04
   0.1466666666666667E+02  -0.1242361261026882E-04
   0.1500000000000000E+02  -0.9087081207955085E-05
   0.1533333333333333E+02  -0.6666140947121980E-05
   0.1566666666666667E+02  -0.4913036787203082E-05
   0.1600000000000000E+02  -0.3639537487235568E-05
   0.1633333333333333E+02  -0.2704867651805792E-05
   0.1666666666666666E+02  -0.2007082552444829E-05
   0.1700000000000000E+02  -0.1475912486237842E-05
   0.1733333333333333E+02  -0.1065935579950690E-05
   0.1766666666666666E+02  -0.7497264792078922E-06
   0.1800000000000000E+02  -0.5112322046532893E-06
   0.1833333333333333E+02  -0.3399590782467949E-06
   0.1866666666666666E+02  -0.2265936711268812E-06
   0.1900000000000000E+02  -0.1604682587823124E-06
   0.1933333333333333E+02  -0.1289174460226300E-06
   0.1966666666666666E+02  -0.1181877565853819E-06
   0.2000000000000000E+02  -0.1152714240366418E-06
   0.2033333333333333E+02  -0.1099118258380690E-06
   0.2066666666666666E+02  -0.9609420722661522E-07
   0.2100000000000000E+02  -0.7256545813666196E-07
   0.2133333333333333E+02  -0.4225010740428871E-07
   0.2166666666666666E+02  -0.1075238634046738E-07
   0.2200000000000000E+02   0.1562699681005558E-07
   0.2233333333333333E+02   0.3182704247810406E-07
   0.2266666666666666E+02   0.3542912573739092E-07
   0.2300000000000000E+02   0.2721263545545332E-07
   0.2333333333333333E+02   0.1079454208922248E-07
   0.2366666666666666E+02  -0.8472991763561438E-08
   0.2400000000000000E+02  -0.2499501457532610E-07
   0.2433333333333333E+02  -0.3439095734141780E-07
   0.2466666666666666E+02  -0.3453329284685327E-07
   0.2500000000000000E+02  -0.2592386010282461E-07
   0.2533333333333333E+02  -0.1135751509808227E-07
   0.2566666666666666E+02   0.4986393726624594E-08
   0.2600000000000000E+02   0.1874575258146541E-07
   0.2633333333333333E+02   0.2653580195006267E-07
   0.2666666666666666E+02   0.2676764642282957E-07
   0.2700000000000000E+02   0.1993630572559133E-07
   0.2733333333333333E+02   0.8342566625020086E-08
   0.2766666666666666E+02  -0.4636711155980201E-08
   0.2800000000000000E+02  -0.1550661439549563E-07
   0.2833333333333333E+02  -0.2157429979304457E-07
   0.2866666666666666E+02  -0.2159371842680727E-07
   0.2900000000000000E+02  -0.1598640851467084E-07
   0.2933333333333333E+02  -0.6611713633488587E-08
   0.2966666666666666E+02   0.3820835138187528E-08
   0.3000000000000000E+02   0.1251834307636495E-07
   0.3033333333333333E+02   0.1733831545072842E-07
   0.3066666666666666E+02   0.1730050804002578E-07
   0.3100000000000000E+02   0.1275927167193644E-07
   0.3133333333333333E+02   0.5216102355158499E-08
   0.3166666666666666E+02  -0.3152763612791556E-08
   0.3200000000000000E+02  -0.1011057784324031E-07
   0.3233333333333333E+02  -0.1394645848058192E-07
   0.3266666666666666E+02  -0.1388323131007119E-07
   0.3300000000000000E+02  -0.1021317103541561E-07
   0.3333333333333333E+02  -0.4145916123693065E-08
   0.3366666666666666E+02   0.2571165552152443E-08
   0.3400000000000000E+02   0.8145397637209248E-08
   0.3433333333333333E+02   0.1120817044686034E-07
   0.3466666666666666E+02   0.1114077643416505E-07
   0.3500000000000000E+02   0.8182030702030156E-08
   0.3533333333333333E+02   0.3305343842178155E-08
   0.3566666666666666E+02  -0.2086257493860607E-08
   0.3600000000000000E+02  -0.6555101309973299E-08
   0.3633333333333333E+02  -0.9004979781587738E-08
   0.3666666666666666E+02  -0.8941910289270028E-08
   0.3700000000000000E+02  -0.6559824018357096E-08
   0.3733333333333333E+02  -0.2641434222764052E-08
   0.3766666666666666E+02   0.1686726488527978E-08
   0.3800000000000000E+02   0.5271225924617403E-08
   0.3833333333333333E+02   0.7233318944053823E-08
   0.3866666666666666E+02   0.7177865305115068E-08
   0.3900000000000000E+02   0.5261748242236602E-08
   0.3933333333333333E+02   0.2114048572253672E-08
   0.3966666666666666E+02  -0.1360692295110822E-08
   0.4000000000000000E+02  -0.4236827291378749E-08
   0.4033333333333333E+02  -0.5809545963189221E-08
   0.4066666666666666E+02  -0.5762380445123843E-08
   0.4100000000000000E+02  -0.4221935673716276E-08
   0.4133333333333333E+02  -0.1693668617846905E-08
   0.4166666666666666E+02   0.1096109274703042E-08
   0.4200000000000000E+02   0.3404408598422775E-08
   0.4233333333333333E+02   0.4665716715346382E-08
   0.4266666666666666E+02   0.4626366850863743E-08
   0.4300000000000000E+02   0.3388371796620549E-08
   0.4333333333333333E+02   0.1357787545164410E-08
   0.4366666666666666E+02  -0.8821705169725479E-09
   0.4400000000000000E+02  -0.2735045086228874E-08
   0.4433333333333333E+02  -0.3746976565390533E-08
   0.4466666666666666E+02  -0.3714526337432976E-08
   0.4500000000000000E+02  -0.2719811494535533E-08
   0.4533333333333333E+02  -0.1089001812148517E-08
   0.4566666666666666E+02   0.7095774215175104E-09
   0.4600000000000000E+02   0.2197054195344384E-08
   0.4633333333333333E+02   0.3009114461651955E-08
   0.4666666666666666E+02   0.2982543464784213E-08
   0.4700000000000000E+02   0.2183402632516863E-08
   0.4733333333333333E+02   0.8736784289540265E-09
   0.4766666666666666E+02  -0.5705498284194781E-09
   0.4800000000000000E+02  -0.1764785879532643E-08
   0.4833333333333333E+02  -0.2416558848878180E-08
   0.4866666666666666E+02  -0.2394893994345693E-08
   0.4900000000000000E+02  -0.1752917307545532E-08
   0.4933333333333333E+02  -0.7010581374616793E-09
   0.4966666666666666E+02   0.4586707512837049E-09
   0.5000000000000000E+02   0.1417531301510759E-08
   0.5033333333333333E+02   0.1940708538403486E-08
   0.5066666666666666E+02   0.1923083973967748E-08
   0.5100000000000000E+02   0.1407373663348945E-08
   0.5133333333333333E+02   0.5625975471051757E-09
   0.5166666666666666E+02  -0.3687026057308146E-09
   0.5200000000000000E+02  -0.1138608327130499E-08
   0.5233333333333333E+02  -0.1558583832874405E-08
   0.5266666666666666E+02  -0.1544256080899945E-08
   0.5300000000000000E+02  -0.1129970390588980E-08
   0.5333333333333333E+02  -0.4514908853003769E-09
   0.5366666666666666E+02   0.2963928839137697E-09
   0.5400000000000000E+02   0.9145927870748232E-09
   0.5433333333333333E+02   0.1251725757145563E-08
   0.5466666666666666E+02   0.1240069156733897E-08
   0.5500000000000000E+02   0.9072417074718463E-09
   0.5533333333333333E+02   0.3623021587758109E-09
   0.5566666666666666E+02  -0.2383026225054798E-09
   0.5600000000000000E+02  -0.7346911409066183E-09
   0.5633333333333333E+02  -0.1005309833389585E-08
   0.5666666666666666E+02  -0.9958036432217360E-09
   0.5700000000000000E+02  -0.7283892487894525E-09
   0.5733333333333333E+02  -0.2906823038798907E-09
   0.5766666666666666E+02   0.1916571818403622E-09
   0.5800000000000000E+02   0.5902285418876445E-09
   0.5833333333333333E+02   0.8074304916170035E-09
   0.5866666666666666E+02   0.7996431375022169E-09
   0.5900000000000000E+02   0.5847479143195704E-09
   0.5933333333333333E+02   0.2331449923460689E-09
   0.5966666666666666E+02  -0.1542246686433614E-09
   0.6000000000000000E+02  -0.4742384373318808E-09
   0.6033333333333333E+02  -0.6485300873934703E-09
   0.6066666666666666E+02  -0.6421038446752418E-09
   0.6100000000000000E+02  -0.4693652600665383E-09
   0.6133333333333333E+02  -0.1868958286613181E-09
   0.6166666666666666E+02   0.1242091821511653E-09
   0.6200000000000000E+02   0.3811247353124783E-09
   0.6233333333333333E+02   0.5209333354542660E-09
   0.6266666666666666E+02   0.5155705729013169E-09
   0.6300000000000000E+02   0.3766588317086247E-09
   0.6333333333333333E+02   0.1496908184507820E-09
   0.6366666666666666E+02  -0.1001692964269058E-09
   0.6400000000000000E+02  -0.3063947903722614E-09
   0.6433333333333333E+02  -0.4184778324882955E-09
   0.6466666666666666E+02  -0.4139284947078074E-09
   0.6500000000000000E+02  -0.3021451183878958E-09
   0.6533333333333333E+02  -0.1197263451824684E-09
   0.6566666666666666E+02   0.8094964949917295E-10
   0.6600000000000000E+02   0.2464427860977224E-09
   0.6633333333333333E+02   0.3362158522583631E-09
   0.6666666666666666E+02   0.3322664582810975E-09
   0.6700000000000000E+02   0.2422211920835148E-09
   0.6733333333333333E+02   0.9555013251098105E-10
   0.6766666666666666E+02  -0.6562691849196638E-10
   0.6800000000000000E+02  -0.1983771193246725E-09
   0.6833333333333333E+02  -0.2701767868763150E-09
   0.6866666666666666E+02  -0.2666413379646697E-09
   0.6900000000000000E+02  -0.1939927549696519E-09
   0.6933333333333333E+02  -0.7599405114212781E-10
   0.6966666666666666E+02   0.5346109202147243E-10
   0.7000000000000000E+02   0.1598752635979863E-09
   0.7033333333333333E+02   0.2171685454890673E-09
   0.7066666666666666E+02   0.2138795367838055E-09
   0.7100000000000000E+02   0.1551252822778100E-09
   0.7133333333333333E+02   0.6010783306204646E-10
   0.7166666666666666E+02  -0.4387023928713456E-10
   0.7200000000000000E+02  -0.1290827038024749E-09
   0.7233333333333333E+02  -0.1746351750896272E-09
   0.7266666666666666E+02  -0.1714363857527169E-09
   0.7300000000000000E+02  -0.1237450967153974E-09
   0.7333333333333333E+02  -0.4712840678652549E-10
   0.7366666666666666E+02   0.3638560250416195E-10
   0.7400000000000000E+02   0.1045049800063112E-09
   0.7433333333333333E+02   0.1405136056203711E-09
   0.7466666666666666E+02   0.1372523399755586E-09
   0.7500000000000000E+02   0.9832730113919401E-10
   0.7533333333333333E+02   0.3642121569063851E-10
   0.7566666666666666E+02  -0.3065074425845240E-10
   0.7600000000000000E+02  -0.8495718350300630E-10
   0.7633333333333333E+02  -0.1131557680624010E-09
   0.7666666666666666E+02  -0.1096757905838140E-09
   0.7700000000000000E+02  -0.7764550748653053E-10
   0.7733333333333333E+02  -0.2747456943897074E-10
   0.7766666666666666E+02   0.2637743480237030E-10
   0.7800000000000000E+02   0.6947807761012276E-10
   0.7833333333333333E+02   0.9121924204037322E-10
   0.7866666666666666E+02   0.8735353269020308E-10
   0.7900000000000000E+02   0.6068415769296232E-10
   0.7933333333333333E+02   0.1984900976374923E-10
   0.7966666666666666E+02  -0.2335442146953245E-10
   0.8000000000000000E+02  -0.5730326551111601E-10
   0.8033333333333333E+02  -0.7362003381674108E-10
   0.8066666666666666E+02  -0.6918301170115709E-10
   0.8100000000000000E+02  -0.4660944741475662E-10
   0.8133333333333333E+02  -0.1318053798122372E-10
   0.8166666666666666E+02   0.2140722153283955E-10
   0.8200000000000000E+02   0.4779330085454358E-10
   0.8233333333333333E+02   0.5944275730520492E-10
   0.8266666666666666E+02   0.5422313465937085E-10
   0.8300000000000000E+02   0.3469926134950139E-10
   0.8333333333333333E+02   0.7143189664239105E-11
   0.8366666666666666E+02  -0.2039811553828363E-10
   0.8400000000000000E+02  -0.4040179284212188E-10
   0.8433333333333333E+02  -0.4789170932995108E-10
   0.8466666666666666E+02  -0.4164892012388902E-10
   0.8500000000000000E+02  -0.2432234123499781E-10
   0.8533333333333333E+02  -0.1467991097652029E-11
   0.8566666666666666E+02   0.2016288414485767E-10
   0.8600000000000000E+02   0.3457669535255386E-10
   0.8633333333333333E+02   0.3817800003692724E-10
   0.8666666666666666E+02   0.3065332831794031E-10
   0.8700000000000000E+02   0.1488318039326575E-10
   0.8733333333333333E+02  -0.4050652950715499E-11
   0.8766666666666666E+02  -0.2044256557860913E-10
   0.8800000000000000E+02  -0.2965176927034548E-10
   0.8833333333333333E+02  -0.2941139499856926E-10
   0.8866666666666666E+02  -0.2038897561809131E-10
   0.8900000000000000E+02  -0.5855646677487291E-11
   0.8933333333333333E+02   0.9412964134702380E-11
   0.8966666666666666E+02   0.2065597232882729E-10
   0.9000000000000000E+02   0.2459858998414016E-10
   0.9033333333333333E+02   0.2042573941428482E-10
   0.9066666666666666E+02   0.9960342651495831E-11
   0.9100000000000000E+02  -0.3005136307574504E-11
   0.9133333333333333E+02  -0.1400749192706912E-10
   0.9166666666666666E+02  -0.1942074464813643E-10
   0.9200000000000000E+02  -0.1767614650390716E-10
   0.9233333333333333E+02  -0.9777274175282073E-11
   0.9266666666666666E+02   0.1085967235448168E-11
   0.9300000000000000E+02   0.1071751526920820E-10
   0.9333333333333333E+02   0.1549222876892326E-10
   0.9366666666666666E+02   0.1376044554158328E-10
   0.9400000000000000E+02   0.6529875427391920E-11
   0.9433333333333333E+02  -0.2899906532638224E-11
   0.9466666666666666E+02  -0.1029342953084653E-10
   0.9500000000000000E+02  -0.1234486247713955E-10
   0.9533333333333333E+02  -0.8272082911389361E-11
   0.9566666666666666E+02  -0.3471779366756796E-12
   0.9600000000000000E+02   0.7071923646902864E-11
   0.9633333333333333E+02   0.9779956642759987E-11
   0.9666666666666666E+02   0.6244984919111345E-11
   0.9700000000000000E+02  -0.1070867200539382E-11
   0.9733333333333333E+02  -0.6849120125451985E-11
   0.9766666666666666E+02  -0.6531389690786814E-11
   0.9800000000000000E+02  -0.4412154275076317E-12
   0.9833333333333333E+02   0.5248208994115753E-11
   0.9866666666666666E+02   0.3817994386600408E-11
   0.9900000000000000E+02  -0.2655094641375919E-11
   0.9933333333333333E+02  -0.2677373515341474E-11
   0.9966666666666666E+02   0.2708864231734763E-11
   0.1000000000000000E+03  -0.2540356593664000E-24
