   0.0000000000000000E+00   0.0000000000000000E+00
   0.1666666666666667E+00   0.3791020120478571E-01
   0.3333333333333333E+00   0.6316698327637647E-01
   0.5000000000000000E+00   0.7788420910853984E-01
   0.6666666666666666E+00   0.8393942136016862E-01
   0.8333333333333333E+00   0.8299377897161488E-01
   0.1000000000000000E+01   0.7651063700418417E-01
   0.1166666666666667E+01   0.6577284752740514E-01
   0.1333333333333333E+01   0.5189885541587597E-01
   0.1500000000000000E+01   0.3585765922515485E-01
   0.1666666666666667E+01   0.1848270378695982E-01
   0.1833333333333333E+01   0.4847677920671161E-03
   0.2000000000000000E+01  -0.1753609359211307E-01
   0.2166666666666667E+01  -0.3507949409899015E-01
   0.2333333333333333E+01  -0.5173449570290497E-01
   0.2500000000000000E+01  -0.6717017069428260E-01
   0.2666666666666667E+01  -0.8112689793921689E-01
   0.2833333333333333E+01  -0.9340834732733239E-01
   0.3000000000000000E+01  -0.1038741088486941E+00
   0.3166666666666667E+01  -0.1124329250647621E+00
   0.3333333333333333E+01  -0.1190364879545772E+00
   0.3500000000000000E+01  -0.1236737632299937E+00
   0.3666666666666667E+01  -0.1263658072271547E+00
   0.3833333333333333E+01  -0.1271610433996757E+00
   0.4000000000000000E+01  -0.1261309672661458E+00
   0.4166666666666666E+01  -0.1233662504044153E+00
   0.4333333333333333E+01  -0.1189732157414164E+00
   0.4500000000000000E+01  -0.1130706579635047E+00
   0.4666666666666666E+01  -0.1057869843719357E+00
   0.4833333333333333E+01  -0.9725765293437837E-01
   0.5000000000000000E+01  -0.8762288563946556E-01
   0.5166666666666666E+01  -0.7702563655033477E-01
   0.5333333333333333E+01  -0.6560979517783758E-01
   0.5500000000000000E+01  -0.5351860695740075E-01
   0.5666666666666666E+01  -0.4089329371809661E-01
   0.5833333333333333E+01  -0.2787185808091056E-01
   0.6000000000000000E+01  -0.1458805671796244E-01
   0.6166666666666666E+01  -0.1170528347930648E-02
   0.6333333333333333E+01   0.1225793676255117E-01
   0.6500000000000000E+01   0.2558099817400934E-01
   0.6666666666666666E+01   0.3868924910515911E-01
   0.6833333333333333E+01   0.5148059353879713E-01
   0.7000000000000000E+01   0.6386052670175071E-01
   0.7166666666666666E+01   0.7574232833714255E-01
   0.7333333333333333E+01   0.8704717754331853E-01
   0.7500000000000000E+01   0.9770419734518451E-01
   0.7666666666666666E+01   0.1076504365887548E+00
   0.7833333333333333E+01   0.1168307962068512E+00
   0.8000000000000000E+01   0.1251979063915964E+00
   0.8166666666666666E+01   0.1327119607261664E+00
   0.8333333333333332E+01   0.1393405128728006E+00
   0.8500000000000000E+01   0.1450582409849962E+00
   0.8666666666666666E+01   0.1498466846078371E+00
   0.8833333333333332E+01   0.1536939584503312E+00
   0.9000000000000000E+01   0.1565944470562548E+00
   0.9166666666666666E+01   0.1585484840642351E+00
   0.9333333333333332E+01   0.1595620194325391E+00
   0.9500000000000000E+01   0.1596462777082738E+00
   0.9666666666666666E+01   0.1588174101434361E+00
   0.9833333333333332E+01   0.1570961432005601E+00
   0.1000000000000000E+02   0.1545074257476826E+00
   0.1016666666666667E+02   0.1510800770151331E+00
   0.1033333333333333E+02   0.1468464371744244E+00
   0.1050000000000000E+02   0.1418420222014888E+00
   0.1066666666666667E+02   0.1361051845019229E+00
   0.1083333333333333E+02   0.1296767806040557E+00
   0.1100000000000000E+02   0.1225998470658596E+00
   0.1116666666666667E+02   0.1149192855933206E+00
   0.1133333333333333E+02   0.1066815582302545E+00
   0.1150000000000000E+02   0.9793439335210607E-01
   0.1166666666666667E+02   0.8872650307841862E-01
   0.1183333333333333E+02   0.7910731260988710E-01
   0.1200000000000000E+02   0.6912670189568633E-01
   0.1216666666666667E+02   0.5883475994460317E-01
   0.1233333333333333E+02   0.4828155200893056E-01
   0.1250000000000000E+02   0.3751689979266161E-01
   0.1266666666666667E+02   0.2659017476481380E-01
   0.1283333333333333E+02   0.1555010459432869E-01
   0.1300000000000000E+02   0.4444592664542834E-02
   0.1316666666666667E+02  -0.6679449427661795E-02
   0.1333333333333333E+02  -0.1777625653058595E-01
   0.1350000000000000E+02  -0.2880135193965165E-01
   0.1366666666666667E+02  -0.3971167696609002E-01
   0.1383333333333333E+02  -0.5046570832984340E-01
   0.1400000000000000E+02  -0.6102356366407425E-01
   0.1416666666666667E+02  -0.7134709544488284E-01
   0.1433333333333333E+02  -0.8139997368256929E-01
   0.1450000000000000E+02  -0.9114775773027847E-01
   0.1466666666666667E+02  -0.1005579575823734E+00
   0.1483333333333333E+02  -0.1096000850486023E+00
   0.1500000000000000E+02  -0.1182456952012602E+00
   0.1516666666666667E+02  -0.1264684185013014E+00
   0.1533333333333333E+02  -0.1342439840159083E+00
   0.1550000000000000E+02  -0.1415502341445392E+00
   0.1566666666666667E+02  -0.1483671312731340E+00
   0.1583333333333333E+02  -0.1546767567770979E+00
   0.1600000000000000E+02  -0.1604633027930546E+00
   0.1616666666666666E+02  -0.1657130571773064E+00
   0.1633333333333333E+02  -0.1704143820655817E+00
   0.1650000000000000E+02  -0.1745576864441115E+00
   0.1666666666666666E+02  -0.1781353931364801E+00
   0.1683333333333333E+02  -0.1811419006041327E+00
   0.1700000000000000E+02  -0.1835735399510093E+00
   0.1716666666666666E+02  -0.1854285275145913E+00
   0.1733333333333333E+02  -0.1867069134167988E+00
   0.1750000000000000E+02  -0.1874105264387281E+00
   0.1766666666666666E+02  -0.1875429155732636E+00
   0.1783333333333333E+02  -0.1871092885991954E+00
   0.1800000000000000E+02  -0.1861164480097029E+00
   0.1816666666666666E+02  -0.1845727246169767E+00
   0.1833333333333333E+02  -0.1824879091434102E+00
   0.1850000000000000E+02  -0.1798731820982611E+00
   0.1866666666666666E+02  -0.1767410422269895E+00
   0.1883333333333333E+02  -0.1731052338086968E+00
   0.1900000000000000E+02  -0.1689806730652431E+00
   0.1916666666666666E+02  -0.1643833739337511E+00
   0.1933333333333333E+02  -0.1593303734423603E+00
   0.1950000000000000E+02  -0.1538396569172983E+00
   0.1966666666666666E+02  -0.1479300832376156E+00
   0.1983333333333333E+02  -0.1416213103423316E+00
   0.2000000000000000E+02  -0.1349337211832657E+00
   0.2016666666666666E+02  -0.1278883503055145E+00
   0.2033333333333333E+02  -0.1205068112264019E+00
   0.2050000000000000E+02  -0.1128112247728029E+00
   0.2066666666666666E+02  -0.1048241485260071E+00
   0.2083333333333333E+02  -0.9656850751281121E-01
   0.2100000000000000E+02  -0.8806752627127488E-01
   0.2116666666666666E+02  -0.7934466240958299E-01
   0.2133333333333333E+02  -0.7042354176672624E-01
   0.2150000000000000E+02  -0.6132789527426236E-01
   0.2166666666666666E+02  -0.5208149760923411E-01
   0.2183333333333333E+02  -0.4270810771943855E-01
   0.2200000000000000E+02  -0.3323141129364047E-01
   0.2216666666666666E+02  -0.2367496524101394E-01
   0.2233333333333333E+02  -0.1406214423609099E-01
   0.2250000000000000E+02  -0.4416089377788640E-02
   0.2266666666666666E+02   0.5240340996331734E-02
   0.2283333333333333E+02   0.1488461830652347E-01
   0.2300000000000000E+02   0.2449458851079555E-01
   0.2316666666666666E+02   0.3404851464761958E-01
   0.2333333333333333E+02   0.4352511712690221E-01
   0.2350000000000000E+02   0.5290361176064975E-01
   0.2366666666666666E+02   0.6216374553039646E-01
   0.2383333333333333E+02   0.7128583009381570E-01
   0.2400000000000000E+02   0.8025077303800529E-01
   0.2416666666666666E+02   0.8904010689173915E-01
   0.2433333333333333E+02   0.9763601591349524E-01
   0.2450000000000000E+02   0.1060213606763275E+00
   0.2466666666666666E+02   0.1141797004746497E+00
   0.2483333333333333E+02   0.1220953135817338E+00
   0.2500000000000000E+02   0.1297532153902184E+00
   0.2516666666666666E+02   0.1371391744711734E+00
   0.2533333333333333E+02   0.1442397265902744E+00
   0.2550000000000000E+02   0.1510421867224209E+00
   0.2566666666666666E+02   0.1575346591086930E+00
   0.2583333333333333E+02   0.1637060454018766E+00
   0.2600000000000000E+02   0.1695460509489179E+00
   0.2616666666666666E+02   0.1750451892605955E+00
   0.2633333333333333E+02   0.1801947847204231E+00
   0.2650000000000000E+02   0.1849869735863409E+00
   0.2666666666666666E+02   0.1894147033401037E+00
   0.2683333333333333E+02   0.1934717304404578E+00
   0.2700000000000000E+02   0.1971526165372082E+00
   0.2716666666666666E+02   0.2004527232041235E+00
   0.2733333333333333E+02   0.2033682052493223E+00
   0.2750000000000000E+02   0.2058960026623219E+00
   0.2766666666666666E+02   0.2080338312573347E+00
   0.2783333333333333E+02   0.2097801720726598E+00
   0.2800000000000000E+02   0.2111342595861498E+00
   0.2816666666666666E+02   0.2120960688067451E+00
   0.2833333333333333E+02   0.2126663013019603E+00
   0.2850000000000000E+02   0.2128463702209885E+00
   0.2866666666666666E+02   0.2126383843727671E+00
   0.2883333333333333E+02   0.2120451314179217E+00
   0.2900000000000000E+02   0.2110700602329944E+00
   0.2916666666666666E+02   0.2097172625047511E+00
   0.2933333333333333E+02   0.2079914536116760E+00
   0.2950000000000000E+02   0.2058979528490023E+00
   0.2966666666666666E+02   0.2034426630527784E+00
   0.2983333333333333E+02   0.2006320496775768E+00
   0.3000000000000000E+02   0.1974731193814764E+00
   0.3016666666666666E+02   0.1939733981709281E+00
   0.3033333333333333E+02   0.1901409091570342E+00
   0.3050000000000000E+02   0.1859841499736485E+00
   0.3066666666666666E+02   0.1815120699065269E+00
   0.3083333333333333E+02   0.1767340467815547E+00
   0.3100000000000000E+02   0.1716598636588257E+00
   0.3116666666666666E+02   0.1662996853780702E+00
   0.3133333333333333E+02   0.1606640349996192E+00
   0.3150000000000000E+02   0.1547637701837677E+00
   0.3166666666666666E+02   0.1486100595500347E+00
   0.3183333333333333E+02   0.1422143590564549E+00
   0.3200000000000000E+02   0.1355883884376493E+00
   0.3216666666666666E+02   0.1287441077390194E+00
   0.3233333333333333E+02   0.1216936939830067E+00
   0.3250000000000000E+02   0.1144495180019458E+00
   0.3266666666666666E+02   0.1070241214706233E+00
   0.3283333333333333E+02   0.9943019417023180E-01
   0.3300000000000000E+02   0.9168055151400302E-01
   0.3316666666666666E+02   0.8378811236338596E-01
   0.3333333333333333E+02   0.7576587716222592E-01
   0.3350000000000000E+02   0.6762690641501612E-01
   0.3366666666666666E+02   0.5938429953389429E-01
   0.3383333333333333E+02   0.5105117407768304E-01
   0.3400000000000000E+02   0.4264064540491928E-01
   0.3416666666666666E+02   0.3416580676146351E-01
   0.3433333333333333E+02   0.2563970982194869E-01
   0.3450000000000000E+02   0.1707534570302863E-01
   0.3466666666666666E+02   0.8485626465083138E-02
   0.3483333333333333E+02  -0.1166328822328143E-03
   0.3500000000000000E+02  -0.8718731856447681E-02
   0.3516666666666666E+02  -0.1730810144782685E-01
   0.3533333333333333E+02  -0.2587232052231018E-01
   0.3550000000000000E+02  -0.3439913167128880E-01
   0.3566666666666666E+02  -0.4287645649883805E-01
   0.3583333333333333E+02  -0.5129241033814698E-01
   0.3600000000000000E+02  -0.5963531638997299E-01
   0.3616666666666666E+02  -0.6789371927702906E-01
   0.3633333333333333E+02  -0.7605639800925261E-01
   0.3650000000000000E+02  -0.8411237835590800E-01
   0.3666666666666666E+02  -0.9205094462146740E-01
   0.3683333333333333E+02  -0.9986165082316940E-01
   0.3700000000000000E+02  -0.1075343312690694E+00
   0.3716666666666666E+02  -0.1150591105362997E+00
   0.3733333333333333E+02  -0.1224264128501215E+00
   0.3750000000000000E+02  -0.1296269708651772E+00
   0.3766666666666666E+02  -0.1366518338511623E+00
   0.3783333333333333E+02  -0.1434923752859135E+00
   0.3800000000000000E+02  -0.1501402998596401E+00
   0.3816666666666666E+02  -0.1565876498947523E+00
   0.3833333333333333E+02  -0.1628268111864209E+00
   0.3850000000000000E+02  -0.1688505182696488E+00
   0.3866666666666666E+02  -0.1746518591192683E+00
   0.3883333333333333E+02  -0.1802242792898706E+00
   0.3900000000000000E+02  -0.1855615855032333E+00
   0.3916666666666666E+02  -0.1906579486913569E+00
   0.3933333333333333E+02  -0.1955079065037252E+00
   0.3950000000000000E+02  -0.2001063652878845E+00
   0.3966666666666666E+02  -0.2044486015528873E+00
   0.3983333333333333E+02  -0.2085302629255768E+00
   0.4000000000000000E+02  -0.2123473686100795E+00
   0.4016666666666666E+02  -0.2158963093612457E+00
   0.4033333333333333E+02  -0.2191738469831288E+00
   0.4050000000000000E+02  -0.2221771133639058E+00
   0.4066666666666666E+02  -0.2249036090589382E+00
   0.4083333333333333E+02  -0.2273512014339473E+00
   0.4100000000000000E+02  -0.2295181223805152E+00
   0.4116666666666666E+02  -0.2314029656163513E+00
   0.4133333333333333E+02  -0.2330046835829597E+00
   0.4150000000000000E+02  -0.2343225839535210E+00
   0.4166666666666666E+02  -0.2353563257639563E+00
   0.4183333333333333E+02  -0.2361059151802731E+00
   0.4200000000000000E+02  -0.2365717009154071E+00
   0.4216666666666666E+02  -0.2367543693088649E+00
   0.4233333333333333E+02  -0.2366549390825465E+00
   0.4250000000000000E+02  -0.2362747557861779E+00
   0.4266666666666666E+02  -0.2356154859458217E+00
   0.4283333333333333E+02  -0.2346791109289483E+00
   0.4300000000000000E+02  -0.2334679205395531E+00
   0.4316666666666666E+02  -0.2319845063567860E+00
   0.4333333333333333E+02  -0.2302317548305271E+00
   0.4350000000000000E+02  -0.2282128401472964E+00
   0.4366666666666666E+02  -0.2259312168798183E+00
   0.4383333333333333E+02  -0.2233906124334860E+00
   0.4400000000000000E+02  -0.2205950193028817E+00
   0.4416666666666666E+02  -0.2175486871513996E+00
   0.4433333333333333E+02  -0.2142561147269026E+00
   0.4450000000000000E+02  -0.2107220416262190E+00
   0.4466666666666666E+02  -0.2069514399211373E+00
   0.4483333333333333E+02  -0.2029495056584092E+00
   0.4500000000000000E+02  -0.1987216502461100E+00
   0.4516666666666666E+02  -0.1942734917385323E+00
   0.4533333333333333E+02  -0.1896108460316022E+00
   0.4550000000000000E+02  -0.1847397179806281E+00
   0.4566666666666666E+02  -0.1796662924519831E+00
   0.4583333333333333E+02  -0.1743969253201174E+00
   0.4600000000000000E+02  -0.1689381344210910E+00
   0.4616666666666666E+02  -0.1632965904735862E+00
   0.4633333333333333E+02  -0.1574791079781350E+00
   0.4650000000000000E+02  -0.1514926361050709E+00
   0.4666666666666666E+02  -0.1453442495814659E+00
   0.4683333333333333E+02  -0.1390411395870737E+00
   0.4700000000000000E+02  -0.1325906046690571E+00
   0.4716666666666666E+02  -0.1260000416850184E+00
   0.4733333333333333E+02  -0.1192769367835974E+00
   0.4750000000000000E+02  -0.1124288564316470E+00
   0.4766666666666666E+02  -0.1054634384967291E+00
   0.4783333333333333E+02  -0.9838838339340898E-01
   0.4800000000000000E+02  -0.9121144530156398E-01
   0.4816666666666666E+02  -0.8394042346465150E-01
   0.4833333333333333E+02  -0.7658315357560508E-01
   0.4850000000000000E+02  -0.6914749925776986E-01
   0.4866666666666666E+02  -0.6164134364800421E-01
   0.4883333333333333E+02  -0.5407258108880516E-01
   0.4900000000000000E+02  -0.4644910893604914E-01
   0.4916666666666666E+02  -0.3877881948866031E-01
   0.4933333333333333E+02  -0.3106959204624531E-01
   0.4950000000000000E+02  -0.2332928510047300E-01
   0.4966666666666666E+02  -0.1556572866569739E-01
   0.4983333333333333E+02  -0.7786716754054136E-02
   0.5000000000000000E+02  -0.1426830024472477E-16
