   0.0000000000000000E+00   0.0000000000000000E+00
   0.1666666666666667E+00   0.2237422549898996E-02
   0.3333333333333333E+00   0.8216672824010732E-02
   0.5000000000000000E+00   0.1694756032792927E-01
   0.6666666666666666E+00   0.2757480319478261E-01
   0.8333333333333333E+00   0.3936526405190869E-01
   0.1000000000000000E+01   0.5169612569568985E-01
   0.1166666666666667E+01   0.6404394931353756E-01
   0.1333333333333333E+01   0.7597456099376114E-01
   0.1500000000000000E+01   0.8713371512668283E-01
   0.1666666666666667E+01   0.9723848602970295E-01
   0.1833333333333333E+01   0.1060693417306463E+00
   0.2000000000000000E+01   0.1134628563230191E+00
   0.2166666666666667E+01   0.1193050196689395E+00
   0.2333333333333333E+01   0.1235251054754560E+00
   0.2500000000000000E+01   0.1260900609125195E+00
   0.2666666666666667E+01   0.1269993829806126E+00
   0.2833333333333333E+01   0.1262804487773782E+00
   0.3000000000000000E+01   0.1239842686597496E+00
   0.3166666666666667E+01   0.1201816330551660E+00
   0.3333333333333333E+01   0.1149596253463561E+00
   0.3500000000000000E+01   0.1084184748426760E+00
   0.3666666666666667E+01   0.1006687253606844E+00
   0.3833333333333333E+01   0.9182869637100395E-01
   0.4000000000000000E+01   0.8202221503087023E-01
   0.4166666666666666E+01   0.7137659871531095E-01
   0.4333333333333333E+01   0.6002086888769907E-01
   0.4500000000000000E+01   0.4808417831543788E-01
   0.4666666666666666E+01   0.3569443474157574E-01
   0.4833333333333333E+01   0.2297710517093231E-01
   0.5000000000000000E+01   0.1005418592243738E-01
   0.5166666666666666E+01  -0.2956675459668056E-02
   0.5333333333333333E+01  -0.1594291945193524E-01
   0.5500000000000000E+01  -0.2879768712757569E-01
   0.5666666666666666E+01  -0.4142031743612430E-01
   0.5833333333333333E+01  -0.5371673980566748E-01
   0.6000000000000000E+01  -0.6559977197230064E-01
   0.6166666666666666E+01  -0.7698933226659249E-01
   0.6333333333333333E+01  -0.8781257494929864E-01
   0.6500000000000000E+01  -0.9800395658661527E-01
   0.6666666666666666E+01  -0.1075052408871880E+00
   0.6833333333333333E+01  -0.1162654488872666E+00
   0.7000000000000000E+01  -0.1242407608652631E+00
   0.7166666666666666E+01  -0.1313943758910421E+00
   0.7333333333333333E+01  -0.1376963344670972E+00
   0.7500000000000000E+01  -0.1431233092970036E+00
   0.7666666666666666E+01  -0.1476583688198491E+00
   0.7833333333333333E+01  -0.1512907177765044E+00
   0.8000000000000000E+01  -0.1540154187233979E+00
   0.8166666666666666E+01  -0.1558330980807568E+00
   0.8333333333333332E+01  -0.1567496399939838E+00
   0.8500000000000000E+01  -0.1567758709978970E+00
   0.8666666666666666E+01  -0.1559272382029801E+00
   0.8833333333333332E+01  -0.1542234834696143E+00
   0.9000000000000000E+01  -0.1516883157995836E+00
   0.9166666666666666E+01  -0.1483490839530943E+00
   0.9333333333333332E+01  -0.1442364510932850E+00
   0.9500000000000000E+01  -0.1393840730679460E+00
   0.9666666666666666E+01  -0.1338282817591466E+00
   0.9833333333333332E+01  -0.1276077747649776E+00
   0.1000000000000000E+02  -0.1207633125229582E+00
   0.1016666666666667E+02  -0.1133374238411841E+00
   0.1033333333333333E+02  -0.1053741206703681E+00
   0.1050000000000000E+02  -0.9691862282696571E-01
   0.1066666666666667E+02  -0.8801709326400459E-01
   0.1083333333333333E+02  -0.7871638438151443E-01
   0.1100000000000000E+02  -0.6906379577207833E-01
   0.1116666666666667E+02  -0.5910684370849099E-01
   0.1133333333333333E+02  -0.4889304259935855E-01
   0.1150000000000000E+02  -0.3846969856426946E-01
   0.1166666666666667E+02  -0.2788371521246714E-01
   0.1183333333333333E+02  -0.1718141164738421E-01
   0.1200000000000000E+02  -0.6408352663566643E-02
   0.1216666666666667E+02   0.4390808947942488E-02
   0.1233333333333333E+02   0.1517247811511042E-01
   0.1250000000000000E+02   0.2589425139137156E-01
   0.1266666666666667E+02   0.3651503925940724E-01
   0.1283333333333333E+02   0.4699517707082226E-01
   0.1300000000000000E+02   0.5729652488865772E-01
   0.1316666666666667E+02   0.6738255652448324E-01
   0.1333333333333333E+02   0.7721843808328897E-01
   0.1350000000000000E+02   0.8677109634779155E-01
   0.1366666666666667E+02   0.9600927734930180E-01
   0.1383333333333333E+02   0.1049035954851841E+00
   0.1400000000000000E+02   0.1134265735533602E+00
   0.1416666666666667E+02   0.1215526740824748E+00
   0.1433333333333333E+02   0.1292583223424148E+00
   0.1450000000000000E+02   0.1365219214240231E+00
   0.1466666666666667E+02   0.1433238597792449E+00
   0.1483333333333333E+02   0.1496465116137187E+00
   0.1500000000000000E+02   0.1554742305231248E+00
   0.1516666666666667E+02   0.1607933367625689E+00
   0.1533333333333333E+02   0.1655920985350126E+00
   0.1550000000000000E+02   0.1698607076804075E+00
   0.1566666666666667E+02   0.1735912501418303E+00
   0.1583333333333333E+02   0.1767776715786738E+00
   0.1600000000000000E+02   0.1794157384899049E+00
   0.1616666666666666E+02   0.1815029952026579E+00
   0.1633333333333333E+02   0.1830387170730570E+00
   0.1650000000000000E+02   0.1840238602372597E+00
   0.1666666666666666E+02   0.1844610082413234E+00
   0.1683333333333333E+02   0.1843543158687234E+00
   0.1700000000000000E+02   0.1837094504742248E+00
   0.1716666666666666E+02   0.1825335311224157E+00
   0.1733333333333333E+02   0.1808350658185801E+00
   0.1750000000000000E+02   0.1786238871088000E+00
   0.1766666666666666E+02   0.1759110863152446E+00
   0.1783333333333333E+02   0.1727089466616040E+00
   0.1800000000000000E+02   0.1690308755325744E+00
   0.1816666666666666E+02   0.1648913361002447E+00
   0.1833333333333333E+02   0.1603057785392049E+00
   0.1850000000000000E+02   0.1552905710412328E+00
   0.1866666666666666E+02   0.1498629308295242E+00
   0.1883333333333333E+02   0.1440408553616674E+00
   0.1900000000000000E+02   0.1378430538999261E+00
   0.1916666666666666E+02   0.1312888796169123E+00
   0.1933333333333333E+02   0.1243982623944311E+00
   0.1950000000000000E+02   0.1171916424631693E+00
   0.1966666666666666E+02   0.1096899050209905E+00
   0.1983333333333333E+02   0.1019143159579220E+00
   0.2000000000000000E+02   0.9388645880646698E-01
   0.2016666666666666E+02   0.8562817302666506E-01
   0.2033333333333333E+02   0.7716149372636893E-01
   0.2050000000000000E+02   0.6850859290850922E-01
   0.2066666666666666E+02   0.5969172232867809E-01
   0.2083333333333333E+02   0.5073315803820571E-01
   0.2100000000000000E+02   0.4165514668001026E-01
   0.2116666666666666E+02   0.3247985359688336E-01
   0.2133333333333333E+02   0.2322931280454003E-01
   0.2150000000000000E+02   0.1392537887470557E-01
   0.2166666666666666E+02   0.4589680766726858E-02
   0.2183333333333333E+02  -0.4756422360298112E-02
   0.2200000000000000E+02  -0.1409188332910128E-01
   0.2216666666666666E+02  -0.2339600709971624E-01
   0.2233333333333333E+02  -0.3264848888468919E-01
   0.2250000000000000E+02  -0.4182945021527929E-01
   0.2266666666666666E+02  -0.5091947295504010E-01
   0.2283333333333333E+02  -0.5989963126203967E-01
   0.2300000000000000E+02  -0.6875152150559040E-01
   0.2316666666666666E+02  -0.7745729014772315E-01
   0.2333333333333333E+02  -0.8599965960374339E-01
   0.2350000000000000E+02  -0.9436195210007127E-01
   0.2366666666666666E+02  -0.1025281115511976E+00
   0.2383333333333333E+02  -0.1104827234809728E+00
   0.2400000000000000E+02  -0.1182110330166103E+00
   0.2416666666666666E+02  -0.1256989609867314E+00
   0.2433333333333333E+02  -0.1329331181574984E+00
   0.2450000000000000E+02  -0.1399008176434005E+00
   0.2466666666666666E+02  -0.1465900855315715E+00
   0.2483333333333333E+02  -0.1529896697606298E+00
   0.2500000000000000E+02  -0.1590890472969551E+00
   0.2516666666666666E+02  -0.1648784296530615E+00
   0.2533333333333333E+02  -0.1703487667942812E+00
   0.2550000000000000E+02  -0.1754917494813680E+00
   0.2566666666666666E+02  -0.1802998100978529E+00
   0.2583333333333333E+02  -0.1847661220120524E+00
   0.2600000000000000E+02  -0.1888845975245386E+00
   0.2616666666666666E+02  -0.1926498844526554E+00
   0.2633333333333333E+02  -0.1960573614042843E+00
   0.2650000000000000E+02  -0.1991031317935624E+00
   0.2666666666666666E+02  -0.2017840166516189E+00
   0.2683333333333333E+02  -0.2040975462856384E+00
   0.2700000000000000E+02  -0.2060419508396880E+00
   0.2716666666666666E+02  -0.2076161498107650E+00
   0.2733333333333333E+02  -0.2088197405734270E+00
   0.2750000000000000E+02  -0.2096529859661891E+00
   0.2766666666666666E+02  -0.2101168009925848E+00
   0.2783333333333333E+02  -0.2102127386894211E+00
   0.2800000000000000E+02  -0.2099429752143082E+00
   0.2816666666666666E+02  -0.2093102942040101E+00
   0.2833333333333333E+02  -0.2083180704545618E+00
   0.2850000000000000E+02  -0.2069702529734254E+00
   0.2866666666666666E+02  -0.2052713474532225E+00
   0.2883333333333333E+02  -0.2032263982157829E+00
   0.2900000000000000E+02  -0.2008409696744041E+00
   0.2916666666666666E+02  -0.1981211273613095E+00
   0.2933333333333333E+02  -0.1950734185663509E+00
   0.2950000000000000E+02  -0.1917048526320082E+00
   0.2966666666666666E+02  -0.1880228809487129E+00
   0.2983333333333333E+02  -0.1840353766934549E+00
   0.3000000000000000E+02  -0.1797506143535431E+00
   0.3016666666666666E+02  -0.1751772490762602E+00
   0.3033333333333333E+02  -0.1703242958840108E+00
   0.3050000000000000E+02  -0.1652011087933908E+00
   0.3066666666666666E+02  -0.1598173598754163E+00
   0.3083333333333333E+02  -0.1541830182929510E+00
   0.3100000000000000E+02  -0.1483083293501559E+00
   0.3116666666666666E+02  -0.1422037935875554E+00
   0.3133333333333333E+02  -0.1358801459550851E+00
   0.3150000000000000E+02  -0.1293483350942501E+00
   0.3166666666666666E+02  -0.1226195027592762E+00
   0.3183333333333333E+02  -0.1157049634059021E+00
   0.3200000000000000E+02  -0.1086161839752208E+00
   0.3216666666666666E+02  -0.1013647638987389E+00
   0.3233333333333333E+02  -0.9396241534959671E-01
   0.3250000000000000E+02  -0.8642094376367246E-01
   0.3266666666666666E+02  -0.7875222865307487E-01
   0.3283333333333333E+02  -0.7096820473332721E-01
   0.3300000000000000E+02  -0.6308084338436343E-01
   0.3316666666666666E+02  -0.5510213446427147E-01
   0.3333333333333333E+02  -0.4704406849355754E-01
   0.3350000000000000E+02  -0.3891861922656982E-01
   0.3366666666666666E+02  -0.3073772662558081E-01
   0.3383333333333333E+02  -0.2251328025191954E-01
   0.3400000000000000E+02  -0.1425710308746243E-01
   0.3416666666666666E+02  -0.5980935798712898E-02
   0.3433333333333333E+02   0.2303578545350608E-02
   0.3450000000000000E+02   0.1058490929149528E-01
   0.3466666666666666E+02   0.1885165254737620E-01
   0.3483333333333333E+02   0.2709254504543418E-01
   0.3500000000000000E+02   0.3529647751833263E-01
   0.3516666666666666E+02   0.4345250757966034E-01
   0.3533333333333333E+02   0.5154987210453733E-01
   0.3550000000000000E+02   0.5957799910563566E-01
   0.3566666666666666E+02   0.6752651910099719E-01
   0.3583333333333333E+02   0.7538527597086364E-01
   0.3600000000000000E+02   0.8314433730153392E-01
   0.3616666666666666E+02   0.9079400421505628E-01
   0.3633333333333333E+02   0.9832482068431833E-01
   0.3650000000000000E+02   0.1057275823338212E+00
   0.3666666666666666E+02   0.1129933447271375E+00
   0.3683333333333333E+02   0.1201134311427295E+00
   0.3700000000000000E+02   0.1270794398404526E+00
   0.3716666666666666E+02   0.1338832508216992E+00
   0.3733333333333333E+02   0.1405170320867435E+00
   0.3750000000000000E+02   0.1469732453934121E+00
   0.3766666666666666E+02   0.1532446515217670E+00
   0.3783333333333333E+02   0.1593243150500077E+00
   0.3800000000000000E+02   0.1652056086472954E+00
   0.3816666666666666E+02   0.1708822168896838E+00
   0.3833333333333333E+02   0.1763481396057912E+00
   0.3850000000000000E+02   0.1815976947592680E+00
   0.3866666666666666E+02   0.1866255208755257E+00
   0.3883333333333333E+02   0.1914265790205702E+00
   0.3900000000000000E+02   0.1959961543401345E+00
   0.3916666666666666E+02   0.2003298571676439E+00
   0.3933333333333333E+02   0.2044236237098600E+00
   0.3950000000000000E+02   0.2082737163193341E+00
   0.3966666666666666E+02   0.2118767233630722E+00
   0.3983333333333333E+02   0.2152295586970619E+00
   0.4000000000000000E+02   0.2183294607565359E+00
   0.4016666666666666E+02   0.2211739912720543E+00
   0.4033333333333333E+02   0.2237610336216772E+00
   0.4050000000000000E+02   0.2260887908296627E+00
   0.4066666666666666E+02   0.2281557832222792E+00
   0.4083333333333333E+02   0.2299608457514490E+00
   0.4100000000000000E+02   0.2315031249970558E+00
   0.4116666666666666E+02   0.2327820758588424E+00
   0.4133333333333333E+02   0.2337974579489079E+00
   0.4150000000000000E+02   0.2345493316958748E+00
   0.4166666666666666E+02   0.2350380541718446E+00
   0.4183333333333333E+02   0.2352642746532932E+00
   0.4200000000000000E+02   0.2352289299270764E+00
   0.4216666666666666E+02   0.2349332393527172E+00
   0.4233333333333333E+02   0.2343786996921390E+00
   0.4250000000000000E+02   0.2335670797179848E+00
   0.4266666666666666E+02   0.2325004146116263E+00
   0.4283333333333333E+02   0.2311810001619175E+00
   0.4300000000000000E+02   0.2296113867756918E+00
   0.4316666666666666E+02   0.2277943733109273E+00
   0.4333333333333333E+02   0.2257330007434202E+00
   0.4350000000000000E+02   0.2234305456777241E+00
   0.4366666666666666E+02   0.2208905137129989E+00
   0.4383333333333333E+02   0.2181166326743108E+00
   0.4400000000000000E+02   0.2151128457198002E+00
   0.4416666666666666E+02   0.2118833043340079E+00
   0.4433333333333333E+02   0.2084323612175099E+00
   0.4450000000000000E+02   0.2047645630828732E+00
   0.4466666666666666E+02   0.2008846433667860E+00
   0.4483333333333333E+02   0.1967975148680615E+00
   0.4500000000000000E+02   0.1925082623210518E+00
   0.4516666666666666E+02   0.1880221349138339E+00
   0.4533333333333333E+02   0.1833445387603543E+00
   0.4550000000000000E+02   0.1784810293355427E+00
   0.4566666666666666E+02   0.1734373038822118E+00
   0.4583333333333333E+02   0.1682191937983748E+00
   0.4600000000000000E+02   0.1628326570134170E+00
   0.4616666666666666E+02   0.1572837703613604E+00
   0.4633333333333333E+02   0.1515787219592546E+00
   0.4650000000000000E+02   0.1457238035985300E+00
   0.4666666666666666E+02   0.1397254031569375E+00
   0.4683333333333333E+02   0.1335899970384874E+00
   0.4700000000000000E+02   0.1273241426485959E+00
   0.4716666666666666E+02   0.1209344709114306E+00
   0.4733333333333333E+02   0.1144276788362245E+00
   0.4750000000000000E+02   0.1078105221391285E+00
   0.4766666666666666E+02   0.1010898079269416E+00
   0.4783333333333333E+02   0.9427238744884212E-01
   0.4800000000000000E+02   0.8736514892203583E-01
   0.4816666666666666E+02   0.8037501043700770E-01
   0.4833333333333333E+02   0.7330891294784808E-01
   0.4850000000000000E+02   0.6617381335291479E-01
   0.4866666666666666E+02   0.5897667767086645E-01
   0.4883333333333333E+02   0.5172447431688771E-01
   0.4900000000000000E+02   0.4442416748371899E-01
   0.4916666666666666E+02   0.3708271063188227E-01
   0.4933333333333333E+02   0.2970704009328062E-01
   0.4950000000000000E+02   0.2230406879214772E-01
   0.4966666666666666E+02   0.1488068008710432E-01
   0.4983333333333333E+02   0.7443721737872143E-02
   0.5000000000000000E+02   0.1365647760805426E-16
