   0.0000000000000000E+00   0.0000000000000000E+00
   0.3333333333333334E-02   0.1480933911943281E-01
   0.6666666666666667E-02   0.2961705422795576E-01
   0.1000000000000000E-01   0.4442152149273142E-01
   0.1333333333333333E-01   0.5922111743708126E-01
   0.1666666666666667E-01   0.7401421911853867E-01
   0.2000000000000000E-01   0.8879920430681630E-01
   0.2333333333333333E-01   0.1035744516616623E+00
   0.2666666666666667E-01   0.1183383409107101E+00
   0.3000000000000000E-01   0.1330892530271224E+00
   0.3333333333333333E-01   0.1478255704071570E+00
   0.3666666666666667E-01   0.1625456770475514E+00
   0.4000000000000000E-01   0.1772479587227338E+00
   0.4333333333333333E-01   0.1919308031618402E+00
   0.4666666666666667E-01   0.2065926002255178E+00
   0.5000000000000000E-01   0.2212317420824945E+00
   0.5333333333333334E-01   0.2358466233858965E+00
   0.5666666666666667E-01   0.2504356414492931E+00
   0.6000000000000000E-01   0.2649971964224503E+00
   0.6333333333333334E-01   0.2795296914667712E+00
   0.6666666666666667E-01   0.2940315329304082E+00
   0.7000000000000001E-01   0.3085011305230249E+00
   0.7333333333333333E-01   0.3229368974901877E+00
   0.7666666666666667E-01   0.3373372507873729E+00
   0.8000000000000000E-01   0.3517006112535639E+00
   0.8333333333333334E-01   0.3660254037844253E+00
   0.8666666666666667E-01   0.3803100575050302E+00
   0.9000000000000001E-01   0.3945530059421247E+00
   0.9333333333333334E-01   0.4087526871959090E+00
   0.9666666666666668E-01   0.4229075441113184E+00
   0.1000000000000000E+00   0.4370160244487814E+00
   0.1033333333333333E+00   0.4510765810544414E+00
   0.1066666666666667E+00   0.4650876720298185E+00
   0.1100000000000000E+00   0.4790477609008967E+00
   0.1133333333333333E+00   0.4929553167866154E+00
   0.1166666666666667E+00   0.5068088145667475E+00
   0.1200000000000000E+00   0.5206067350491468E+00
   0.1233333333333333E+00   0.5343475651363434E+00
   0.1266666666666667E+00   0.5480297979914738E+00
   0.1300000000000000E+00   0.5616519332035201E+00
   0.1333333333333333E+00   0.5752124769518500E+00
   0.1366666666666667E+00   0.5887099421700277E+00
   0.1400000000000000E+00   0.6021428487088897E+00
   0.1433333333333333E+00   0.6155097234988588E+00
   0.1466666666666667E+00   0.6288091007114832E+00
   0.1500000000000000E+00   0.6420395219201813E+00
   0.1533333333333333E+00   0.6551995362601734E+00
   0.1566666666666667E+00   0.6682877005875866E+00
   0.1600000000000000E+00   0.6813025796377123E+00
   0.1633333333333333E+00   0.6942427461823981E+00
   0.1666666666666667E+00   0.7071067811865607E+00
   0.1700000000000000E+00   0.7198932739637965E+00
   0.1733333333333333E+00   0.7326008223310833E+00
   0.1766666666666667E+00   0.7452280327625419E+00
   0.1800000000000000E+00   0.7577735205422526E+00
   0.1833333333333333E+00   0.7702359099161055E+00
   0.1866666666666667E+00   0.7826138342426675E+00
   0.1900000000000000E+00   0.7949059361430492E+00
   0.1933333333333334E+00   0.8071108676497567E+00
   0.1966666666666667E+00   0.8192272903545132E+00
   0.2000000000000000E+00   0.8312538755550286E+00
   0.2033333333333333E+00   0.8431893044007074E+00
   0.2066666666666667E+00   0.8550322680372781E+00
   0.2100000000000000E+00   0.8667814677503187E+00
   0.2133333333333333E+00   0.8784356151076803E+00
   0.2166666666666667E+00   0.8899934321007754E+00
   0.2200000000000000E+00   0.9014536512847263E+00
   0.2233333333333334E+00   0.9128150159173548E+00
   0.2266666666666667E+00   0.9240762800969985E+00
   0.2300000000000000E+00   0.9352362088991371E+00
   0.2333333333333333E+00   0.9462935785118155E+00
   0.2366666666666667E+00   0.9572471763698507E+00
   0.2400000000000000E+00   0.9680958012878015E+00
   0.2433333333333333E+00   0.9788382635916918E+00
   0.2466666666666667E+00   0.9894733852494737E+00
   0.2500000000000000E+00   0.1000000000000210E+01
   0.2533333333333334E+00   0.1010416953481970E+01
   0.2566666666666667E+00   0.1020723103358416E+01
   0.2600000000000000E+00   0.1030917319444073E+01
   0.2633333333333334E+00   0.1040998483828272E+01
   0.2666666666666667E+00   0.1050965490997732E+01
   0.2700000000000000E+00   0.1060817247957801E+01
   0.2733333333333334E+00   0.1070552674352307E+01
   0.2766666666666667E+00   0.1080170702582038E+01
   0.2800000000000000E+00   0.1089670277921815E+01
   0.2833333333333333E+00   0.1099050358636150E+01
   0.2866666666666667E+00   0.1108309916093489E+01
   0.2900000000000000E+00   0.1117447934879010E+01
   0.2933333333333333E+00   0.1126463412905978E+01
   0.2966666666666667E+00   0.1135355361525633E+01
   0.3000000000000000E+00   0.1144122805635604E+01
   0.3033333333333333E+00   0.1152764783786846E+01
   0.3066666666666667E+00   0.1161280348289067E+01
   0.3100000000000000E+00   0.1169668565314660E+01
   0.3133333333333334E+00   0.1177928515001098E+01
   0.3166666666666667E+00   0.1186059291551820E+01
   0.3200000000000000E+00   0.1194060003335548E+01
   0.3233333333333334E+00   0.1201929772984077E+01
   0.3266666666666667E+00   0.1209667737488481E+01
   0.3300000000000000E+00   0.1217273048293751E+01
   0.3333333333333334E+00   0.1224744871391854E+01
   0.3366666666666667E+00   0.1232082387413187E+01
   0.3400000000000000E+00   0.1239284791716432E+01
   0.3433333333333334E+00   0.1246351294476794E+01
   0.3466666666666667E+00   0.1253281120772613E+01
   0.3500000000000000E+00   0.1260073510670345E+01
   0.3533333333333333E+00   0.1266727719307893E+01
   0.3566666666666667E+00   0.1273243016976295E+01
   0.3600000000000000E+00   0.1279618689199742E+01
   0.3633333333333333E+00   0.1285854036813927E+01
   0.3666666666666667E+00   0.1291948376042719E+01
   0.3700000000000001E+00   0.1297901038573143E+01
   0.3733333333333334E+00   0.1303711371628675E+01
   0.3766666666666667E+00   0.1309378738040816E+01
   0.3800000000000000E+00   0.1314902516318975E+01
   0.3833333333333334E+00   0.1320282100718617E+01
   0.3866666666666667E+00   0.1325516901307689E+01
   0.3900000000000000E+00   0.1330606344031314E+01
   0.3933333333333334E+00   0.1335549870774746E+01
   0.3966666666666667E+00   0.1340346939424568E+01
   0.4000000000000000E+00   0.1344997023928143E+01
   0.4033333333333334E+00   0.1349499614351306E+01
   0.4066666666666667E+00   0.1353854216934276E+01
   0.4100000000000000E+00   0.1358060354145806E+01
   0.4133333333333334E+00   0.1362117564735552E+01
   0.4166666666666667E+00   0.1366025403784655E+01
   0.4200000000000000E+00   0.1369783442754523E+01
   0.4233333333333333E+00   0.1373391269533836E+01
   0.4266666666666667E+00   0.1376848488483730E+01
   0.4300000000000000E+00   0.1380154720481190E+01
   0.4333333333333333E+00   0.1383309602960618E+01
   0.4366666666666667E+00   0.1386312789953600E+01
   0.4400000000000000E+00   0.1389163952126838E+01
   0.4433333333333334E+00   0.1391862776818272E+01
   0.4466666666666667E+00   0.1394408968071360E+01
   0.4500000000000000E+00   0.1396802246667538E+01
   0.4533333333333334E+00   0.1399042350156840E+01
   0.4566666666666667E+00   0.1401129032886672E+01
   0.4600000000000000E+00   0.1403062066028759E+01
   0.4633333333333334E+00   0.1404841237604234E+01
   0.4666666666666667E+00   0.1406466352506885E+01
   0.4700000000000000E+00   0.1407937232524547E+01
   0.4733333333333334E+00   0.1409253716358653E+01
   0.4766666666666667E+00   0.1410415659641916E+01
   0.4800000000000000E+00   0.1411422934954159E+01
   0.4833333333333333E+00   0.1412275431836294E+01
   0.4866666666666667E+00   0.1412973056802432E+01
   0.4900000000000000E+00   0.1413515733350133E+01
   0.4933333333333333E+00   0.1413903401968797E+01
   0.4966666666666667E+00   0.1414136020146192E+01
   0.5000000000000000E+00   0.1414213562373113E+01
   0.5033333333333334E+00   0.1414136020146180E+01
   0.5066666666666667E+00   0.1413903401968773E+01
   0.5100000000000000E+00   0.1413515733350097E+01
   0.5133333333333334E+00   0.1412973056802383E+01
   0.5166666666666667E+00   0.1412275431836231E+01
   0.5200000000000000E+00   0.1411422934954080E+01
   0.5233333333333333E+00   0.1410415659641821E+01
   0.5266666666666667E+00   0.1409253716358542E+01
   0.5300000000000000E+00   0.1407937232524418E+01
   0.5333333333333333E+00   0.1406466352506737E+01
   0.5366666666666667E+00   0.1404841237604069E+01
   0.5400000000000000E+00   0.1403062066028575E+01
   0.5433333333333333E+00   0.1401129032886468E+01
   0.5466666666666667E+00   0.1399042350156616E+01
   0.5500000000000000E+00   0.1396802246667294E+01
   0.5533333333333333E+00   0.1394408968071093E+01
   0.5566666666666668E+00   0.1391862776817983E+01
   0.5600000000000001E+00   0.1389163952126526E+01
   0.5633333333333334E+00   0.1386312789953264E+01
   0.5666666666666667E+00   0.1383309602960258E+01
   0.5700000000000001E+00   0.1380154720480805E+01
   0.5733333333333334E+00   0.1376848488483322E+01
   0.5766666666666667E+00   0.1373391269533405E+01
   0.5800000000000001E+00   0.1369783442754070E+01
   0.5833333333333334E+00   0.1366025403784181E+01
   0.5866666666666667E+00   0.1362117564735061E+01
   0.5900000000000001E+00   0.1358060354145298E+01
   0.5933333333333334E+00   0.1353854216933755E+01
   0.5966666666666667E+00   0.1349499614350775E+01
   0.6000000000000001E+00   0.1344997023927604E+01
   0.6033333333333334E+00   0.1340346939424021E+01
   0.6066666666666667E+00   0.1335549870774195E+01
   0.6100000000000000E+00   0.1330606344030760E+01
   0.6133333333333334E+00   0.1325516901307133E+01
   0.6166666666666667E+00   0.1320282100718062E+01
   0.6200000000000000E+00   0.1314902516318421E+01
   0.6233333333333334E+00   0.1309378738040262E+01
   0.6266666666666667E+00   0.1303711371628123E+01
   0.6300000000000000E+00   0.1297901038572594E+01
   0.6333333333333334E+00   0.1291948376042169E+01
   0.6366666666666667E+00   0.1285854036813379E+01
   0.6400000000000000E+00   0.1279618689199194E+01
   0.6433333333333334E+00   0.1273243016975747E+01
   0.6466666666666667E+00   0.1266727719307344E+01
   0.6500000000000000E+00   0.1260073510669796E+01
   0.6533333333333333E+00   0.1253281120772064E+01
   0.6566666666666667E+00   0.1246351294476246E+01
   0.6600000000000000E+00   0.1239284791715886E+01
   0.6633333333333333E+00   0.1232082387412644E+01
   0.6666666666666667E+00   0.1224744871391316E+01
   0.6700000000000000E+00   0.1217273048293219E+01
   0.6733333333333333E+00   0.1209667737487957E+01
   0.6766666666666667E+00   0.1201929772983562E+01
   0.6800000000000000E+00   0.1194060003335042E+01
   0.6833333333333333E+00   0.1186059291551323E+01
   0.6866666666666668E+00   0.1177928515000612E+01
   0.6900000000000001E+00   0.1169668565314183E+01
   0.6933333333333334E+00   0.1161280348288600E+01
   0.6966666666666667E+00   0.1152764783786388E+01
   0.7000000000000001E+00   0.1144122805635155E+01
   0.7033333333333334E+00   0.1135355361525192E+01
   0.7066666666666667E+00   0.1126463412905547E+01
   0.7100000000000001E+00   0.1117447934878587E+01
   0.7133333333333334E+00   0.1108309916093074E+01
   0.7166666666666667E+00   0.1099050358635744E+01
   0.7200000000000001E+00   0.1089670277921418E+01
   0.7233333333333334E+00   0.1080170702581649E+01
   0.7266666666666667E+00   0.1070552674351925E+01
   0.7300000000000001E+00   0.1060817247957426E+01
   0.7333333333333334E+00   0.1050965490997365E+01
   0.7366666666666667E+00   0.1040998483827912E+01
   0.7400000000000001E+00   0.1030917319443720E+01
   0.7433333333333334E+00   0.1020723103358070E+01
   0.7466666666666667E+00   0.1010416953481633E+01
   0.7500000000000000E+00   0.9999999999998819E+00
   0.7533333333333334E+00   0.9894733852491550E+00
   0.7566666666666667E+00   0.9788382635913836E+00
   0.7600000000000000E+00   0.9680958012875043E+00
   0.7633333333333334E+00   0.9572471763695645E+00
   0.7666666666666667E+00   0.9462935785115412E+00
   0.7700000000000000E+00   0.9352362088988743E+00
   0.7733333333333334E+00   0.9240762800967471E+00
   0.7766666666666667E+00   0.9128150159171152E+00
   0.7800000000000000E+00   0.9014536512844977E+00
   0.7833333333333334E+00   0.8899934321005579E+00
   0.7866666666666667E+00   0.8784356151074747E+00
   0.7900000000000000E+00   0.8667814677501253E+00
   0.7933333333333333E+00   0.8550322680370975E+00
   0.7966666666666667E+00   0.8431893044005411E+00
   0.8000000000000000E+00   0.8312538755548771E+00
   0.8033333333333333E+00   0.8192272903543778E+00
   0.8066666666666668E+00   0.8071108676496382E+00
   0.8100000000000001E+00   0.7949059361429476E+00
   0.8133333333333334E+00   0.7826138342425826E+00
   0.8166666666666668E+00   0.7702359099160362E+00
   0.8200000000000001E+00   0.7577735205421976E+00
   0.8233333333333334E+00   0.7452280327624993E+00
   0.8266666666666668E+00   0.7326008223310517E+00
   0.8300000000000001E+00   0.7198932739637741E+00
   0.8333333333333334E+00   0.7071067811865459E+00
   0.8366666666666667E+00   0.6942427461823908E+00
   0.8400000000000001E+00   0.6813025796377107E+00
   0.8433333333333334E+00   0.6682877005875910E+00
   0.8466666666666667E+00   0.6551995362601841E+00
   0.8500000000000001E+00   0.6420395219201983E+00
   0.8533333333333334E+00   0.6288091007115073E+00
   0.8566666666666667E+00   0.6155097234988895E+00
   0.8600000000000001E+00   0.6021428487089270E+00
   0.8633333333333334E+00   0.5887099421700716E+00
   0.8666666666666667E+00   0.5752124769519000E+00
   0.8700000000000001E+00   0.5616519332035752E+00
   0.8733333333333334E+00   0.5480297979915334E+00
   0.8766666666666667E+00   0.5343475651364070E+00
   0.8800000000000000E+00   0.5206067350492132E+00
   0.8833333333333334E+00   0.5068088145668155E+00
   0.8866666666666667E+00   0.4929553167866845E+00
   0.8900000000000000E+00   0.4790477609009661E+00
   0.8933333333333334E+00   0.4650876720298872E+00
   0.8966666666666667E+00   0.4510765810545089E+00
   0.9000000000000000E+00   0.4370160244488471E+00
   0.9033333333333334E+00   0.4229075441113812E+00
   0.9066666666666667E+00   0.4087526871959690E+00
   0.9100000000000000E+00   0.3945530059421811E+00
   0.9133333333333334E+00   0.3803100575050822E+00
   0.9166666666666667E+00   0.3660254037844730E+00
   0.9200000000000000E+00   0.3517006112536067E+00
   0.9233333333333333E+00   0.3373372507874104E+00
   0.9266666666666667E+00   0.3229368974902199E+00
   0.9300000000000000E+00   0.3085011305230525E+00
   0.9333333333333333E+00   0.2940315329304318E+00
   0.9366666666666668E+00   0.2795296914667907E+00
   0.9400000000000001E+00   0.2649971964224670E+00
   0.9433333333333334E+00   0.2504356414493075E+00
   0.9466666666666668E+00   0.2358466233859075E+00
   0.9500000000000001E+00   0.2212317420825020E+00
   0.9533333333333334E+00   0.2065926002255208E+00
   0.9566666666666668E+00   0.1919308031618370E+00
   0.9600000000000001E+00   0.1772479587227241E+00
   0.9633333333333334E+00   0.1625456770475363E+00
   0.9666666666666667E+00   0.1478255704071393E+00
   0.9700000000000001E+00   0.1330892530271058E+00
   0.9733333333333334E+00   0.1183383409106995E+00
   0.9766666666666667E+00   0.1035744516616602E+00
   0.9800000000000001E+00   0.8879920430681702E-01
   0.9833333333333334E+00   0.7401421911854560E-01
   0.9866666666666667E+00   0.5922111743708348E-01
   0.9900000000000001E+00   0.4442152149273199E-01
   0.9933333333333334E+00   0.2961705422796173E-01
   0.9966666666666667E+00   0.1480933911943970E-01
   0.1000000000000000E+01   0.1304530073999846E-16
