   0.0000000000000000E+00   0.0000000000000000E+00
   0.3333333333333334E-02   0.4442152149270637E-01
   0.6666666666666667E-02   0.8879920430680054E-01
   0.1000000000000000E-01   0.1330892530271079E+00
   0.1333333333333333E-01   0.1772479587227153E+00
   0.1666666666666667E-01   0.2212317420824571E+00
   0.2000000000000000E-01   0.2649971964224252E+00
   0.2333333333333333E-01   0.3085011305230102E+00
   0.2666666666666667E-01   0.3517006112535748E+00
   0.3000000000000000E-01   0.3945530059421557E+00
   0.3333333333333333E-01   0.4370160244488265E+00
   0.3666666666666667E-01   0.4790477609009470E+00
   0.4000000000000000E-01   0.5206067350491972E+00
   0.4333333333333333E-01   0.5616519332035708E+00
   0.4666666666666667E-01   0.6021428487089361E+00
   0.5000000000000000E-01   0.6420395219202145E+00
   0.5333333333333334E-01   0.6813025796377268E+00
   0.5666666666666667E-01   0.7198932739637901E+00
   0.6000000000000000E-01   0.7577735205422156E+00
   0.6333333333333334E-01   0.7949059361429679E+00
   0.6666666666666667E-01   0.8312538755549022E+00
   0.7000000000000001E-01   0.8667814677501610E+00
   0.7333333333333333E-01   0.9014536512845460E+00
   0.7666666666666667E-01   0.9352362088989329E+00
   0.8000000000000000E-01   0.9680958012875733E+00
   0.8333333333333334E-01   0.9999999999999649E+00
   0.8666666666666667E-01   0.1030917319443819E+01
   0.9000000000000001E-01   0.1060817247957537E+01
   0.9333333333333334E-01   0.1089670277921538E+01
   0.9666666666666668E-01   0.1117447934878718E+01
   0.1000000000000000E+00   0.1144122805635299E+01
   0.1033333333333333E+00   0.1169668565314339E+01
   0.1066666666666667E+00   0.1194060003335215E+01
   0.1100000000000000E+00   0.1217273048293414E+01
   0.1133333333333333E+00   0.1239284791716107E+01
   0.1166666666666667E+00   0.1260073510670043E+01
   0.1200000000000000E+00   0.1279618689199467E+01
   0.1233333333333333E+00   0.1297901038572888E+01
   0.1266666666666667E+00   0.1314902516318729E+01
   0.1300000000000000E+00   0.1330606344031067E+01
   0.1333333333333333E+00   0.1344997023927897E+01
   0.1366666666666667E+00   0.1358060354145570E+01
   0.1400000000000000E+00   0.1369783442754317E+01
   0.1433333333333333E+00   0.1380154720481026E+01
   0.1466666666666667E+00   0.1389163952126723E+01
   0.1500000000000000E+00   0.1396802246667468E+01
   0.1533333333333333E+00   0.1403062066028733E+01
   0.1566666666666667E+00   0.1407937232524563E+01
   0.1600000000000000E+00   0.1411422934954214E+01
   0.1633333333333333E+00   0.1413515733350219E+01
   0.1666666666666667E+00   0.1414213562373230E+01
   0.1700000000000000E+00   0.1413515733350250E+01
   0.1733333333333333E+00   0.1411422934954276E+01
   0.1766666666666667E+00   0.1407937232524659E+01
   0.1800000000000000E+00   0.1403062066028864E+01
   0.1833333333333333E+00   0.1396802246667636E+01
   0.1866666666666667E+00   0.1389163952126929E+01
   0.1900000000000000E+00   0.1380154720481270E+01
   0.1933333333333334E+00   0.1369783442754596E+01
   0.1966666666666667E+00   0.1358060354145882E+01
   0.2000000000000000E+00   0.1344997023928239E+01
   0.2033333333333333E+00   0.1330606344031434E+01
   0.2066666666666667E+00   0.1314902516319121E+01
   0.2100000000000000E+00   0.1297901038573304E+01
   0.2133333333333333E+00   0.1279618689199904E+01
   0.2166666666666667E+00   0.1260073510670501E+01
   0.2200000000000000E+00   0.1239284791716585E+01
   0.2233333333333334E+00   0.1217273048293911E+01
   0.2266666666666667E+00   0.1194060003335729E+01
   0.2300000000000000E+00   0.1169668565314867E+01
   0.2333333333333333E+00   0.1144122805635837E+01
   0.2366666666666667E+00   0.1117447934879265E+01
   0.2400000000000000E+00   0.1089670277922091E+01
   0.2433333333333333E+00   0.1060817247958094E+01
   0.2466666666666667E+00   0.1030917319444380E+01
   0.2500000000000000E+00   0.1000000000000530E+01
   0.2533333333333334E+00   0.9680958012881417E+00
   0.2566666666666667E+00   0.9352362088995039E+00
   0.2600000000000000E+00   0.9014536512851187E+00
   0.2633333333333334E+00   0.8667814677507332E+00
   0.2666666666666667E+00   0.8312538755554733E+00
   0.2700000000000000E+00   0.7949059361435362E+00
   0.2733333333333334E+00   0.7577735205427824E+00
   0.2766666666666667E+00   0.7198932739643590E+00
   0.2800000000000000E+00   0.6813025796382999E+00
   0.2833333333333333E+00   0.6420395219207952E+00
   0.2866666666666667E+00   0.6021428487095239E+00
   0.2900000000000000E+00   0.5616519332041632E+00
   0.2933333333333333E+00   0.5206067350497897E+00
   0.2966666666666667E+00   0.4790477609015341E+00
   0.3000000000000000E+00   0.4370160244494058E+00
   0.3033333333333333E+00   0.3945530059427311E+00
   0.3066666666666667E+00   0.3517006112541523E+00
   0.3100000000000000E+00   0.3085011305235957E+00
   0.3133333333333334E+00   0.2649971964230044E+00
   0.3166666666666667E+00   0.2212317420830426E+00
   0.3200000000000000E+00   0.1772479587232769E+00
   0.3233333333333334E+00   0.1330892530276555E+00
   0.3266666666666667E+00   0.8879920430735622E-01
   0.3300000000000000E+00   0.4442152149326235E-01
   0.3333333333333334E+00   0.5298941099219642E-12
   0.3366666666666667E+00  -0.4442152149220191E-01
   0.3400000000000000E+00  -0.8879920430629616E-01
   0.3433333333333334E+00  -0.1330892530265970E+00
   0.3466666666666667E+00  -0.1772479587222190E+00
   0.3500000000000000E+00  -0.2212317420819872E+00
   0.3533333333333333E+00  -0.2649971964219508E+00
   0.3566666666666667E+00  -0.3085011305225454E+00
   0.3600000000000000E+00  -0.3517006112531067E+00
   0.3633333333333333E+00  -0.3945530059416902E+00
   0.3666666666666667E+00  -0.4370160244483718E+00
   0.3700000000000001E+00  -0.4790477609005079E+00
   0.3733333333333334E+00  -0.5206067350487720E+00
   0.3766666666666667E+00  -0.5616519332031573E+00
   0.3800000000000000E+00  -0.6021428487085305E+00
   0.3833333333333334E+00  -0.6420395219198168E+00
   0.3866666666666667E+00  -0.6813025796373395E+00
   0.3900000000000000E+00  -0.7198932739634168E+00
   0.3933333333333334E+00  -0.7577735205418611E+00
   0.3966666666666667E+00  -0.7949059361426353E+00
   0.4000000000000000E+00  -0.8312538755545933E+00
   0.4033333333333334E+00  -0.8667814677498752E+00
   0.4066666666666667E+00  -0.9014536512842809E+00
   0.4100000000000000E+00  -0.9352362088986865E+00
   0.4133333333333334E+00  -0.9680958012873435E+00
   0.4166666666666667E+00  -0.9999999999997508E+00
   0.4200000000000000E+00  -0.1030917319443620E+01
   0.4233333333333333E+00  -0.1060817247957353E+01
   0.4266666666666667E+00  -0.1089670277921370E+01
   0.4300000000000000E+00  -0.1117447934878564E+01
   0.4333333333333333E+00  -0.1144122805635156E+01
   0.4366666666666667E+00  -0.1169668565314208E+01
   0.4400000000000000E+00  -0.1194060003335091E+01
   0.4433333333333334E+00  -0.1217273048293294E+01
   0.4466666666666667E+00  -0.1239284791715989E+01
   0.4500000000000000E+00  -0.1260073510669926E+01
   0.4533333333333334E+00  -0.1279618689199352E+01
   0.4566666666666667E+00  -0.1297901038572776E+01
   0.4600000000000000E+00  -0.1314902516318619E+01
   0.4633333333333334E+00  -0.1330606344030963E+01
   0.4666666666666667E+00  -0.1344997023927799E+01
   0.4700000000000000E+00  -0.1358060354145478E+01
   0.4733333333333334E+00  -0.1369783442754229E+01
   0.4766666666666667E+00  -0.1380154720480943E+01
   0.4800000000000000E+00  -0.1389163952126642E+01
   0.4833333333333333E+00  -0.1396802246667389E+01
   0.4866666666666667E+00  -0.1403062066028655E+01
   0.4900000000000000E+00  -0.1407937232524487E+01
   0.4933333333333333E+00  -0.1411422934954139E+01
   0.4966666666666667E+00  -0.1413515733350147E+01
   0.5000000000000000E+00  -0.1414213562373160E+01
   0.5033333333333334E+00  -0.1413515733350183E+01
   0.5066666666666667E+00  -0.1411422934954210E+01
   0.5100000000000000E+00  -0.1407937232524594E+01
   0.5133333333333334E+00  -0.1403062066028797E+01
   0.5166666666666667E+00  -0.1396802246667565E+01
   0.5200000000000000E+00  -0.1389163952126852E+01
   0.5233333333333333E+00  -0.1380154720481185E+01
   0.5266666666666667E+00  -0.1369783442754502E+01
   0.5300000000000000E+00  -0.1358060354145781E+01
   0.5333333333333333E+00  -0.1344997023928130E+01
   0.5366666666666667E+00  -0.1330606344031321E+01
   0.5400000000000000E+00  -0.1314902516319004E+01
   0.5433333333333333E+00  -0.1297901038573184E+01
   0.5466666666666667E+00  -0.1279618689199784E+01
   0.5500000000000000E+00  -0.1260073510670380E+01
   0.5533333333333333E+00  -0.1239284791716462E+01
   0.5566666666666668E+00  -0.1217273048293785E+01
   0.5600000000000001E+00  -0.1194060003335599E+01
   0.5633333333333334E+00  -0.1169668565314731E+01
   0.5666666666666667E+00  -0.1144122805635695E+01
   0.5700000000000001E+00  -0.1117447934879115E+01
   0.5733333333333334E+00  -0.1089670277921934E+01
   0.5766666666666667E+00  -0.1060817247957932E+01
   0.5800000000000001E+00  -0.1030917319444211E+01
   0.5833333333333334E+00  -0.1000000000000357E+01
   0.5866666666666667E+00  -0.9680958012879652E+00
   0.5900000000000001E+00  -0.9352362088993240E+00
   0.5933333333333334E+00  -0.9014536512849365E+00
   0.5966666666666667E+00  -0.8667814677505495E+00
   0.6000000000000001E+00  -0.8312538755552874E+00
   0.6033333333333334E+00  -0.7949059361433507E+00
   0.6066666666666667E+00  -0.7577735205425982E+00
   0.6100000000000000E+00  -0.7198932739641770E+00
   0.6133333333333334E+00  -0.6813025796381211E+00
   0.6166666666666667E+00  -0.6420395219206217E+00
   0.6200000000000000E+00  -0.6021428487093583E+00
   0.6233333333333334E+00  -0.5616519332040051E+00
   0.6266666666666667E+00  -0.5206067350496412E+00
   0.6300000000000000E+00  -0.4790477609013961E+00
   0.6333333333333334E+00  -0.4370160244492772E+00
   0.6366666666666667E+00  -0.3945530059426121E+00
   0.6400000000000000E+00  -0.3517006112540431E+00
   0.6433333333333334E+00  -0.3085011305234943E+00
   0.6466666666666667E+00  -0.2649971964229128E+00
   0.6500000000000000E+00  -0.2212317420829609E+00
   0.6533333333333333E+00  -0.1772479587232048E+00
   0.6566666666666667E+00  -0.1330892530275926E+00
   0.6600000000000000E+00  -0.8879920430730391E-01
   0.6633333333333333E+00  -0.4442152149322185E-01
   0.6666666666666667E+00  -0.4998804069888398E-12
   0.6700000000000000E+00   0.4442152149222094E-01
   0.6733333333333333E+00   0.8879920430630404E-01
   0.6766666666666667E+00   0.1330892530265959E+00
   0.6800000000000000E+00   0.1772479587222089E+00
   0.6833333333333333E+00   0.2212317420819683E+00
   0.6866666666666668E+00   0.2649971964219260E+00
   0.6900000000000001E+00   0.3085011305225128E+00
   0.6933333333333334E+00   0.3517006112530667E+00
   0.6966666666666667E+00   0.3945530059416431E+00
   0.7000000000000001E+00   0.4370160244483181E+00
   0.7033333333333334E+00   0.4790477609004450E+00
   0.7066666666666667E+00   0.5206067350487006E+00
   0.7100000000000001E+00   0.5616519332030775E+00
   0.7133333333333334E+00   0.6021428487084409E+00
   0.7166666666666667E+00   0.6420395219197164E+00
   0.7200000000000001E+00   0.6813025796372292E+00
   0.7233333333333334E+00   0.7198932739632959E+00
   0.7266666666666667E+00   0.7577735205417288E+00
   0.7300000000000001E+00   0.7949059361424938E+00
   0.7333333333333334E+00   0.8312538755544414E+00
   0.7366666666666667E+00   0.8667814677497131E+00
   0.7400000000000001E+00   0.9014536512841117E+00
   0.7433333333333334E+00   0.9352362088985098E+00
   0.7466666666666667E+00   0.9680958012871610E+00
   0.7500000000000000E+00   0.9999999999995641E+00
   0.7533333333333334E+00   0.1030917319443432E+01
   0.7566666666666667E+00   0.1060817247957165E+01
   0.7600000000000000E+00   0.1089670277921183E+01
   0.7633333333333334E+00   0.1117447934878381E+01
   0.7666666666666667E+00   0.1144122805634977E+01
   0.7700000000000000E+00   0.1169668565314032E+01
   0.7733333333333334E+00   0.1194060003334920E+01
   0.7766666666666667E+00   0.1217273048293127E+01
   0.7800000000000000E+00   0.1239284791715823E+01
   0.7833333333333334E+00   0.1260073510669762E+01
   0.7866666666666667E+00   0.1279618689199187E+01
   0.7900000000000000E+00   0.1297901038572609E+01
   0.7933333333333333E+00   0.1314902516318449E+01
   0.7966666666666667E+00   0.1330606344030788E+01
   0.8000000000000000E+00   0.1344997023927617E+01
   0.8033333333333333E+00   0.1358060354145288E+01
   0.8066666666666668E+00   0.1369783442754032E+01
   0.8100000000000001E+00   0.1380154720480736E+01
   0.8133333333333334E+00   0.1389163952126424E+01
   0.8166666666666668E+00   0.1396802246667159E+01
   0.8200000000000001E+00   0.1403062066028413E+01
   0.8233333333333334E+00   0.1407937232524230E+01
   0.8266666666666668E+00   0.1411422934953869E+01
   0.8300000000000001E+00   0.1413515733349864E+01
   0.8333333333333334E+00   0.1414213562372865E+01
   0.8366666666666667E+00   0.1413515733349876E+01
   0.8400000000000001E+00   0.1411422934953893E+01
   0.8433333333333334E+00   0.1407937232524266E+01
   0.8466666666666667E+00   0.1403062066028461E+01
   0.8500000000000001E+00   0.1396802246667223E+01
   0.8533333333333334E+00   0.1389163952126503E+01
   0.8566666666666667E+00   0.1380154720480832E+01
   0.8600000000000001E+00   0.1369783442754146E+01
   0.8633333333333334E+00   0.1358060354145421E+01
   0.8666666666666667E+00   0.1344997023927768E+01
   0.8700000000000001E+00   0.1330606344030955E+01
   0.8733333333333334E+00   0.1314902516318633E+01
   0.8766666666666667E+00   0.1297901038572810E+01
   0.8800000000000000E+00   0.1279618689199405E+01
   0.8833333333333334E+00   0.1260073510669996E+01
   0.8866666666666667E+00   0.1239284791716075E+01
   0.8900000000000000E+00   0.1217273048293396E+01
   0.8933333333333334E+00   0.1194060003335209E+01
   0.8966666666666667E+00   0.1169668565314342E+01
   0.9000000000000000E+00   0.1144122805635307E+01
   0.9033333333333334E+00   0.1117447934878729E+01
   0.9066666666666667E+00   0.1089670277921551E+01
   0.9100000000000000E+00   0.1060817247957549E+01
   0.9133333333333334E+00   0.1030917319443829E+01
   0.9166666666666667E+00   0.9999999999999740E+00
   0.9200000000000000E+00   0.9680958012875812E+00
   0.9233333333333333E+00   0.9352362088989397E+00
   0.9266666666666667E+00   0.9014536512845507E+00
   0.9300000000000000E+00   0.8667814677501647E+00
   0.9333333333333333E+00   0.8312538755549049E+00
   0.9366666666666668E+00   0.7949059361429679E+00
   0.9400000000000001E+00   0.7577735205422146E+00
   0.9433333333333334E+00   0.7198932739637893E+00
   0.9466666666666668E+00   0.6813025796377250E+00
   0.9500000000000001E+00   0.6420395219202131E+00
   0.9533333333333334E+00   0.6021428487089348E+00
   0.9566666666666668E+00   0.5616519332035664E+00
   0.9600000000000001E+00   0.5206067350491892E+00
   0.9633333333333334E+00   0.4790477609009351E+00
   0.9666666666666667E+00   0.4370160244488128E+00
   0.9700000000000001E+00   0.3945530059421439E+00
   0.9733333333333334E+00   0.3517006112535727E+00
   0.9766666666666667E+00   0.3085011305230205E+00
   0.9800000000000001E+00   0.2649971964224312E+00
   0.9833333333333334E+00   0.2212317420824737E+00
   0.9866666666666667E+00   0.1772479587227149E+00
   0.9900000000000001E+00   0.1330892530271012E+00
   0.9933333333333334E+00   0.8879920430680727E-01
   0.9966666666666667E+00   0.4442152149271995E-01
   0.1000000000000000E+01   0.3764075566937386E-16
