   0.0000000000000000E+00   0.0000000000000000E+00
   0.3333333333333334E-02   0.1330892530270456E+00
   0.6666666666666667E-02   0.2649971964224259E+00
   0.1000000000000000E-01   0.3945530059420274E+00
   0.1333333333333333E-01   0.5206067350490809E+00
   0.1666666666666667E-01   0.6420395219202670E+00
   0.2000000000000000E-01   0.7577735205423272E+00
   0.2333333333333333E-01   0.8667814677499137E+00
   0.2666666666666667E-01   0.9680958012869658E+00
   0.3000000000000000E-01   0.1060817247957053E+01
   0.3333333333333333E-01   0.1144122805635477E+01
   0.3666666666666667E-01   0.1217273048294193E+01
   0.4000000000000000E-01   0.1279618689200094E+01
   0.4333333333333333E-01   0.1330606344030740E+01
   0.4666666666666667E-01   0.1369783442752971E+01
   0.5000000000000000E-01   0.1396802246665960E+01
   0.5333333333333334E-01   0.1411422934953664E+01
   0.5666666666666667E-01   0.1413515733351054E+01
   0.6000000000000000E-01   0.1403062066030253E+01
   0.6333333333333334E-01   0.1380154720481903E+01
   0.6666666666666667E-01   0.1344997023927327E+01
   0.7000000000000001E-01   0.1297901038571273E+01
   0.7333333333333333E-01   0.1239284791714684E+01
   0.7666666666666667E-01   0.1169668565314125E+01
   0.8000000000000000E-01   0.1089670277922531E+01
   0.8333333333333334E-01   0.1000000000001259E+01
   0.8666666666666667E-01   0.9014536512851450E+00
   0.9000000000000001E-01   0.7949059361425773E+00
   0.9333333333333334E-01   0.6813025796369394E+00
   0.9666666666666668E-01   0.5616519332032859E+00
   0.1000000000000000E+00   0.4370160244494389E+00
   0.1033333333333333E+00   0.3085011305241781E+00
   0.1066666666666667E+00   0.1772479587235940E+00
   0.1100000000000000E+00   0.4442152149271723E-01
   0.1133333333333333E+00  -0.8879920430759598E-01
   0.1166666666666667E+00  -0.2212317420832839E+00
   0.1200000000000000E+00  -0.3517006112535543E+00
   0.1233333333333333E+00  -0.4790477608998303E+00
   0.1266666666666667E+00  -0.6021428487072846E+00
   0.1300000000000000E+00  -0.7198932739626001E+00
   0.1333333333333333E+00  -0.8312538755548724E+00
   0.1366666666666667E+00  -0.9352362088998386E+00
   0.1400000000000000E+00  -0.1030917319444688E+01
   0.1433333333333333E+00  -0.1117447934878654E+01
   0.1466666666666667E+00  -0.1194060003334154E+01
   0.1500000000000000E+00  -0.1260073510668834E+01
   0.1533333333333333E+00  -0.1314902516318405E+01
   0.1566666666666667E+00  -0.1358060354146401E+01
   0.1600000000000000E+00  -0.1389163952127910E+01
   0.1633333333333333E+00  -0.1407937232524930E+01
   0.1666666666666667E+00  -0.1414213562372287E+01
   0.1700000000000000E+00  -0.1407937232523052E+01
   0.1733333333333333E+00  -0.1389163952125875E+01
   0.1766666666666667E+00  -0.1358060354146116E+01
   0.1800000000000000E+00  -0.1314902516320278E+01
   0.1833333333333333E+00  -0.1260073510671452E+01
   0.1866666666666667E+00  -0.1194060003335562E+01
   0.1900000000000000E+00  -0.1117447934878048E+01
   0.1933333333333334E+00  -0.1030917319443051E+01
   0.1966666666666667E+00  -0.9352362088990250E+00
   0.2000000000000000E+00  -0.8312538755560225E+00
   0.2033333333333333E+00  -0.7198932739652432E+00
   0.2066666666666667E+00  -0.6021428487098106E+00
   0.2100000000000000E+00  -0.4790477609008228E+00
   0.2133333333333333E+00  -0.3517006112528686E+00
   0.2166666666666667E+00  -0.2212317420820780E+00
   0.2200000000000000E+00  -0.8879920430736594E-01
   0.2233333333333334E+00   0.4442152149130436E-01
   0.2266666666666667E+00   0.1772479587211951E+00
   0.2300000000000000E+00   0.3085011305222486E+00
   0.2333333333333333E+00   0.4370160244490786E+00
   0.2366666666666667E+00   0.5616519332043318E+00
   0.2400000000000000E+00   0.6813025796380343E+00
   0.2433333333333333E+00   0.7949059361422568E+00
   0.2466666666666667E+00   0.9014536512831081E+00
   0.2500000000000000E+00   0.9999999999987517E+00
   0.2533333333333334E+00   0.1089670277921403E+01
   0.2566666666666667E+00   0.1169668565315260E+01
   0.2600000000000000E+00   0.1239284791717137E+01
   0.2633333333333334E+00   0.1297901038572963E+01
   0.2666666666666667E+00   0.1344997023926778E+01
   0.2700000000000000E+00   0.1380154720479526E+01
   0.2733333333333334E+00   0.1403062066028018E+01
   0.2766666666666667E+00   0.1413515733350795E+01
   0.2800000000000000E+00   0.1411422934955519E+01
   0.2833333333333333E+00   0.1396802246668328E+01
   0.2866666666666667E+00   0.1369783442753997E+01
   0.2900000000000000E+00   0.1330606344029935E+01
   0.2933333333333333E+00   0.1279618689198650E+01
   0.2966666666666667E+00   0.1217273048293774E+01
   0.3000000000000000E+00   0.1144122805636679E+01
   0.3033333333333333E+00   0.1060817247958944E+01
   0.3066666666666667E+00   0.9680958012880577E+00
   0.3100000000000000E+00   0.8667814677495895E+00
   0.3133333333333334E+00   0.7577735205413215E+00
   0.3166666666666667E+00   0.6420395219199855E+00
   0.3200000000000000E+00   0.5206067350500415E+00
   0.3233333333333334E+00   0.3945530059435960E+00
   0.3266666666666667E+00   0.2649971964235817E+00
   0.3300000000000000E+00   0.1330892530273104E+00
   0.3333333333333334E+00  -0.6209232356625188E-12
   0.3366666666666667E+00  -0.1330892530277938E+00
   0.3400000000000000E+00  -0.2649971964223882E+00
   0.3433333333333334E+00  -0.3945530059411390E+00
   0.3466666666666667E+00  -0.5206067350477801E+00
   0.3500000000000000E+00  -0.6420395219193014E+00
   0.3533333333333333E+00  -0.7577735205423606E+00
   0.3566666666666667E+00  -0.8667814677510756E+00
   0.3600000000000000E+00  -0.9680958012882849E+00
   0.3633333333333333E+00  -0.1060817247957222E+01
   0.3666666666666667E+00  -0.1144122805634018E+01
   0.3700000000000001E+00  -0.1217273048292089E+01
   0.3733333333333334E+00  -0.1279618689199116E+01
   0.3766666666666667E+00  -0.1330606344031916E+01
   0.3800000000000000E+00  -0.1369783442755537E+01
   0.3833333333333334E+00  -0.1396802246667872E+01
   0.3866666666666667E+00  -0.1411422934953312E+01
   0.3900000000000000E+00  -0.1413515733348699E+01
   0.3933333333333334E+00  -0.1403062066027868E+01
   0.3966666666666667E+00  -0.1380154720481510E+01
   0.4000000000000000E+00  -0.1344997023929286E+01
   0.4033333333333334E+00  -0.1297901038574025E+01
   0.4066666666666667E+00  -0.1239284791716137E+01
   0.4100000000000000E+00  -0.1169668565313410E+01
   0.4133333333333334E+00  -0.1089670277920619E+01
   0.4166666666666667E+00  -0.1000000000000003E+01
   0.4200000000000000E+00  -0.9014536512856506E+00
   0.4233333333333333E+00  -0.7949059361443583E+00
   0.4266666666666667E+00  -0.6813025796384443E+00
   0.4300000000000000E+00  -0.5616519332032625E+00
   0.4333333333333333E+00  -0.4370160244479470E+00
   0.4366666666666667E+00  -0.3085011305224853E+00
   0.4400000000000000E+00  -0.1772479587231322E+00
   0.4433333333333334E+00  -0.4442152149393788E-01
   0.4466666666666667E+00   0.8879920430557423E-01
   0.4500000000000000E+00   0.2212317420820166E+00
   0.4533333333333334E+00   0.3517006112540832E+00
   0.4566666666666667E+00   0.4790477609018444E+00
   0.4600000000000000E+00   0.6021428487093005E+00
   0.4633333333333334E+00   0.7198932739631025E+00
   0.4666666666666667E+00   0.8312538755535414E+00
   0.4700000000000000E+00   0.9352362088978747E+00
   0.4733333333333334E+00   0.1030917319443859E+01
   0.4766666666666667E+00   0.1117447934879785E+01
   0.4800000000000000E+00   0.1194060003336356E+01
   0.4833333333333333E+00   0.1260073510670209E+01
   0.4866666666666667E+00   0.1314902516317719E+01
   0.4900000000000000E+00   0.1358060354144226E+01
   0.4933333333333333E+00   0.1389163952126188E+01
   0.4966666666666667E+00   0.1407937232525275E+01
   0.5000000000000000E+00   0.1414213562374520E+01
   0.5033333333333334E+00   0.1407937232525323E+01
   0.5066666666666667E+00   0.1389163952126285E+01
   0.5100000000000000E+00   0.1358060354144370E+01
   0.5133333333333334E+00   0.1314902516317907E+01
   0.5166666666666667E+00   0.1260073510670441E+01
   0.5200000000000000E+00   0.1194060003336628E+01
   0.5233333333333333E+00   0.1117447934880095E+01
   0.5266666666666667E+00   0.1030917319444199E+01
   0.5300000000000000E+00   0.9352362088982440E+00
   0.5333333333333333E+00   0.8312538755539359E+00
   0.5366666666666667E+00   0.7198932739635129E+00
   0.5400000000000000E+00   0.6021428487097268E+00
   0.5433333333333333E+00   0.4790477609022801E+00
   0.5466666666666667E+00   0.3517006112545221E+00
   0.5500000000000000E+00   0.2212317420824582E+00
   0.5533333333333333E+00   0.8879920430601222E-01
   0.5566666666666668E+00  -0.4442152149350984E-01
   0.5600000000000001E+00  -0.1772479587227130E+00
   0.5633333333333334E+00  -0.3085011305220811E+00
   0.5666666666666667E+00  -0.4370160244475588E+00
   0.5700000000000001E+00  -0.5616519332028996E+00
   0.5733333333333334E+00  -0.6813025796381040E+00
   0.5766666666666667E+00  -0.7949059361440438E+00
   0.5800000000000001E+00  -0.9014536512853696E+00
   0.5833333333333334E+00  -0.9999999999997535E+00
   0.5866666666666667E+00  -0.1089670277920408E+01
   0.5900000000000001E+00  -0.1169668565313239E+01
   0.5933333333333334E+00  -0.1239284791716008E+01
   0.5966666666666667E+00  -0.1297901038573941E+01
   0.6000000000000001E+00  -0.1344997023929252E+01
   0.6033333333333334E+00  -0.1380154720481526E+01
   0.6066666666666667E+00  -0.1403062066027936E+01
   0.6100000000000000E+00  -0.1413515733348818E+01
   0.6133333333333334E+00  -0.1411422934953483E+01
   0.6166666666666667E+00  -0.1396802246668095E+01
   0.6200000000000000E+00  -0.1369783442755810E+01
   0.6233333333333334E+00  -0.1330606344032234E+01
   0.6266666666666667E+00  -0.1279618689199479E+01
   0.6300000000000000E+00  -0.1217273048292492E+01
   0.6333333333333334E+00  -0.1144122805634455E+01
   0.6366666666666667E+00  -0.1060817247957692E+01
   0.6400000000000000E+00  -0.9680958012887824E+00
   0.6433333333333334E+00  -0.8667814677515945E+00
   0.6466666666666667E+00  -0.7577735205428997E+00
   0.6500000000000000E+00  -0.6420395219198549E+00
   0.6533333333333333E+00  -0.5206067350483452E+00
   0.6566666666666667E+00  -0.3945530059417057E+00
   0.6600000000000000E+00  -0.2649971964229587E+00
   0.6633333333333333E+00  -0.1330892530283644E+00
   0.6666666666666667E+00  -0.1181241250905325E-11
   0.6700000000000000E+00   0.1330892530267571E+00
   0.6733333333333333E+00   0.2649971964230392E+00
   0.6766666666666667E+00   0.3945530059430746E+00
   0.6800000000000000E+00   0.5206067350495384E+00
   0.6833333333333333E+00   0.6420395219195068E+00
   0.6866666666666668E+00   0.7577735205408735E+00
   0.6900000000000001E+00   0.8667814677491733E+00
   0.6933333333333334E+00   0.9680958012876798E+00
   0.6966666666666667E+00   0.1060817247958606E+01
   0.7000000000000001E+00   0.1144122805636391E+01
   0.7033333333333334E+00   0.1217273048293535E+01
   0.7066666666666667E+00   0.1279618689198463E+01
   0.7100000000000001E+00   0.1330606344029805E+01
   0.7133333333333334E+00   0.1369783442753921E+01
   0.7166666666666667E+00   0.1396802246668308E+01
   0.7200000000000001E+00   0.1411422934955556E+01
   0.7233333333333334E+00   0.1413515733350886E+01
   0.7266666666666667E+00   0.1403062066028163E+01
   0.7300000000000001E+00   0.1380154720479723E+01
   0.7333333333333334E+00   0.1344997023927027E+01
   0.7366666666666667E+00   0.1297901038573262E+01
   0.7400000000000001E+00   0.1239284791717483E+01
   0.7433333333333334E+00   0.1169668565315652E+01
   0.7466666666666667E+00   0.1089670277921838E+01
   0.7500000000000000E+00   0.9999999999992265E+00
   0.7533333333333334E+00   0.9014536512836139E+00
   0.7566666666666667E+00   0.7949059361427911E+00
   0.7600000000000000E+00   0.6813025796385918E+00
   0.7633333333333334E+00   0.5616519332049024E+00
   0.7666666666666667E+00   0.4370160244496624E+00
   0.7700000000000000E+00   0.3085011305228401E+00
   0.7733333333333334E+00   0.1772479587217860E+00
   0.7766666666666667E+00   0.4442152149189544E-01
   0.7800000000000000E+00  -0.8879920430677667E-01
   0.7833333333333334E+00  -0.2212317420814996E+00
   0.7866666666666667E+00  -0.3517006112523004E+00
   0.7900000000000000E+00  -0.4790477609002695E+00
   0.7933333333333333E+00  -0.6021428487092778E+00
   0.7966666666666667E+00  -0.7198932739647405E+00
   0.8000000000000000E+00  -0.8312538755555514E+00
   0.8033333333333333E+00  -0.9352362088985924E+00
   0.8066666666666668E+00  -0.1030917319442665E+01
   0.8100000000000001E+00  -0.1117447934877709E+01
   0.8133333333333334E+00  -0.1194060003335271E+01
   0.8166666666666668E+00  -0.1260073510671213E+01
   0.8200000000000001E+00  -0.1314902516320090E+01
   0.8233333333333334E+00  -0.1358060354145975E+01
   0.8266666666666668E+00  -0.1389163952125783E+01
   0.8300000000000001E+00  -0.1407937232523008E+01
   0.8333333333333334E+00  -0.1414213562372290E+01
   0.8366666666666667E+00  -0.1407937232524980E+01
   0.8400000000000001E+00  -0.1389163952128006E+01
   0.8433333333333334E+00  -0.1358060354146543E+01
   0.8466666666666667E+00  -0.1314902516318593E+01
   0.8500000000000001E+00  -0.1260073510669061E+01
   0.8533333333333334E+00  -0.1194060003334420E+01
   0.8566666666666667E+00  -0.1117447934878951E+01
   0.8600000000000001E+00  -0.1030917319445008E+01
   0.8633333333333334E+00  -0.9352362089001761E+00
   0.8666666666666667E+00  -0.8312538755552229E+00
   0.8700000000000001E+00  -0.7198932739629534E+00
   0.8733333333333334E+00  -0.6021428487076401E+00
   0.8766666666666667E+00  -0.4790477609001861E+00
   0.8800000000000000E+00  -0.3517006112539074E+00
   0.8833333333333334E+00  -0.2212317420836283E+00
   0.8866666666666667E+00  -0.8879920430793262E-01
   0.8900000000000000E+00   0.4442152149239113E-01
   0.8933333333333334E+00   0.1772479587232894E+00
   0.8966666666666667E+00   0.3085011305238969E+00
   0.9000000000000000E+00   0.4370160244491879E+00
   0.9033333333333334E+00   0.5616519332030770E+00
   0.9066666666666667E+00   0.6813025796367741E+00
   0.9100000000000000E+00   0.7949059361424593E+00
   0.9133333333333334E+00   0.9014536512850780E+00
   0.9166666666666667E+00   0.1000000000001237E+01
   0.9200000000000000E+00   0.1089670277922546E+01
   0.9233333333333333E+00   0.1169668565314170E+01
   0.9266666666666667E+00   0.1239284791714753E+01
   0.9300000000000000E+00   0.1297901038571355E+01
   0.9333333333333333E+00   0.1344997023927419E+01
   0.9366666666666668E+00   0.1380154720482004E+01
   0.9400000000000001E+00   0.1403062066030364E+01
   0.9433333333333334E+00   0.1413515733351177E+01
   0.9466666666666668E+00   0.1411422934953803E+01
   0.9500000000000001E+00   0.1396802246666113E+01
   0.9533333333333334E+00   0.1369783442753136E+01
   0.9566666666666668E+00   0.1330606344030908E+01
   0.9600000000000001E+00   0.1279618689200258E+01
   0.9633333333333334E+00   0.1217273048294347E+01
   0.9666666666666667E+00   0.1144122805635621E+01
   0.9700000000000001E+00   0.1060817247957192E+01
   0.9733333333333334E+00   0.9680958012871125E+00
   0.9766666666666667E+00   0.8667814677500707E+00
   0.9800000000000001E+00   0.7577735205424445E+00
   0.9833333333333334E+00   0.6420395219203942E+00
   0.9866666666666667E+00   0.5206067350491435E+00
   0.9900000000000001E+00   0.3945530059420581E+00
   0.9933333333333334E+00   0.2649971964224760E+00
   0.9966666666666667E+00   0.1330892530271005E+00
   0.1000000000000000E+01   0.7303212314057018E-16
