   0.0000000000000000E+00   0.0000000000000000E+00
   0.3333333333333334E-02  -0.2961705422793046E-01
   0.6666666666666667E-02  -0.5922111743704259E-01
   0.1000000000000000E-01  -0.8879920430677542E-01
   0.1333333333333333E-01  -0.1183383409106418E+00
   0.1666666666666667E-01  -0.1478255704070580E+00
   0.2000000000000000E-01  -0.1772479587226335E+00
   0.2333333333333333E-01  -0.2065926002254058E+00
   0.2666666666666667E-01  -0.2358466233857787E+00
   0.3000000000000000E-01  -0.2649971964223262E+00
   0.3333333333333333E-01  -0.2940315329302777E+00
   0.3666666666666667E-01  -0.3229368974900496E+00
   0.4000000000000000E-01  -0.3517006112534181E+00
   0.4333333333333333E-01  -0.3803100575048791E+00
   0.4666666666666667E-01  -0.4087526871957564E+00
   0.5000000000000000E-01  -0.4370160244486283E+00
   0.5333333333333334E-01  -0.4650876720296616E+00
   0.5666666666666667E-01  -0.4929553167864492E+00
   0.6000000000000000E-01  -0.5206067350489656E+00
   0.6333333333333334E-01  -0.5480297979912735E+00
   0.6666666666666667E-01  -0.5752124769516261E+00
   0.7000000000000001E-01  -0.6021428487086373E+00
   0.7333333333333333E-01  -0.6288091007111974E+00
   0.7666666666666667E-01  -0.6551995362598513E+00
   0.8000000000000000E-01  -0.6813025796373542E+00
   0.8333333333333334E-01  -0.7071067811861674E+00
   0.8666666666666667E-01  -0.7326008223306544E+00
   0.9000000000000001E-01  -0.7577735205417829E+00
   0.9333333333333334E-01  -0.7826138342421525E+00
   0.9666666666666668E-01  -0.8071108676491947E+00
   0.1000000000000000E+00  -0.8312538755544235E+00
   0.1033333333333333E+00  -0.8550322680366380E+00
   0.1066666666666667E+00  -0.8784356151070132E+00
   0.1100000000000000E+00  -0.9014536512840354E+00
   0.1133333333333333E+00  -0.9240762800962846E+00
   0.1166666666666667E+00  -0.9462935785110780E+00
   0.1200000000000000E+00  -0.9680958012870420E+00
   0.1233333333333333E+00  -0.9894733852486963E+00
   0.1266666666666667E+00  -0.1010416953481180E+01
   0.1300000000000000E+00  -0.1030917319443274E+01
   0.1333333333333333E+00  -0.1050965490996925E+01
   0.1366666666666667E+00  -0.1070552674351493E+01
   0.1400000000000000E+00  -0.1089670277920995E+01
   0.1433333333333333E+00  -0.1108309916092664E+01
   0.1466666666666667E+00  -0.1126463412905152E+01
   0.1500000000000000E+00  -0.1144122805634777E+01
   0.1533333333333333E+00  -0.1161280348288239E+01
   0.1566666666666667E+00  -0.1177928515000268E+01
   0.1600000000000000E+00  -0.1194060003334716E+01
   0.1633333333333333E+00  -0.1209667737487648E+01
   0.1666666666666667E+00  -0.1224744871391025E+01
   0.1700000000000000E+00  -0.1239284791715614E+01
   0.1733333333333333E+00  -0.1253281120771812E+01
   0.1766666666666667E+00  -0.1266727719307111E+01
   0.1800000000000000E+00  -0.1279618689198982E+01
   0.1833333333333333E+00  -0.1291948376041979E+01
   0.1866666666666667E+00  -0.1303711371627953E+01
   0.1900000000000000E+00  -0.1314902516318269E+01
   0.1933333333333334E+00  -0.1325516901306993E+01
   0.1966666666666667E+00  -0.1335549870774059E+01
   0.2000000000000000E+00  -0.1344997023927467E+01
   0.2033333333333333E+00  -0.1353854216933610E+01
   0.2066666666666667E+00  -0.1362117564734905E+01
   0.2100000000000000E+00  -0.1369783442753898E+01
   0.2133333333333333E+00  -0.1376848488483132E+01
   0.2166666666666667E+00  -0.1383309602960049E+01
   0.2200000000000000E+00  -0.1389163952126297E+01
   0.2233333333333334E+00  -0.1394408968070846E+01
   0.2266666666666667E+00  -0.1399042350156353E+01
   0.2300000000000000E+00  -0.1403062066028300E+01
   0.2333333333333333E+00  -0.1406466352506453E+01
   0.2366666666666667E+00  -0.1409253716358250E+01
   0.2400000000000000E+00  -0.1411422934953779E+01
   0.2433333333333333E+00  -0.1412973056802074E+01
   0.2466666666666667E+00  -0.1413903401968458E+01
   0.2500000000000000E+00  -0.1414213562372792E+01
   0.2533333333333334E+00  -0.1413903401968473E+01
   0.2566666666666667E+00  -0.1412973056802105E+01
   0.2600000000000000E+00  -0.1411422934953828E+01
   0.2633333333333334E+00  -0.1409253716358316E+01
   0.2666666666666667E+00  -0.1406466352506538E+01
   0.2700000000000000E+00  -0.1403062066028404E+01
   0.2733333333333334E+00  -0.1399042350156475E+01
   0.2766666666666667E+00  -0.1394408968070986E+01
   0.2800000000000000E+00  -0.1389163952126454E+01
   0.2833333333333333E+00  -0.1383309602960222E+01
   0.2866666666666667E+00  -0.1376848488483322E+01
   0.2900000000000000E+00  -0.1369783442754104E+01
   0.2933333333333333E+00  -0.1362117564735128E+01
   0.2966666666666667E+00  -0.1353854216933854E+01
   0.3000000000000000E+00  -0.1344997023927731E+01
   0.3033333333333333E+00  -0.1335549870774348E+01
   0.3066666666666667E+00  -0.1325516901307308E+01
   0.3100000000000000E+00  -0.1314902516318611E+01
   0.3133333333333334E+00  -0.1303711371628323E+01
   0.3166666666666667E+00  -0.1291948376042374E+01
   0.3200000000000000E+00  -0.1279618689199399E+01
   0.3233333333333334E+00  -0.1266727719307549E+01
   0.3266666666666667E+00  -0.1253281120772266E+01
   0.3300000000000000E+00  -0.1239284791716083E+01
   0.3333333333333334E+00  -0.1224744871391506E+01
   0.3366666666666667E+00  -0.1209667737488140E+01
   0.3400000000000000E+00  -0.1194060003335217E+01
   0.3433333333333334E+00  -0.1177928515000779E+01
   0.3466666666666667E+00  -0.1161280348288760E+01
   0.3500000000000000E+00  -0.1144122805635306E+01
   0.3533333333333333E+00  -0.1126463412905688E+01
   0.3566666666666667E+00  -0.1108309916093207E+01
   0.3600000000000000E+00  -0.1089670277921543E+01
   0.3633333333333333E+00  -0.1070552674352043E+01
   0.3666666666666667E+00  -0.1050965490997478E+01
   0.3700000000000001E+00  -0.1030917319443827E+01
   0.3733333333333334E+00  -0.1010416953481733E+01
   0.3766666666666667E+00  -0.9894733852492503E+00
   0.3800000000000000E+00  -0.9680958012875968E+00
   0.3833333333333334E+00  -0.9462935785116339E+00
   0.3866666666666667E+00  -0.9240762800968406E+00
   0.3900000000000000E+00  -0.9014536512845905E+00
   0.3933333333333334E+00  -0.8784356151075646E+00
   0.3966666666666667E+00  -0.8550322680371844E+00
   0.4000000000000000E+00  -0.8312538755549612E+00
   0.4033333333333334E+00  -0.8071108676497221E+00
   0.4066666666666667E+00  -0.7826138342426676E+00
   0.4100000000000000E+00  -0.7577735205422843E+00
   0.4133333333333334E+00  -0.7326008223311413E+00
   0.4166666666666667E+00  -0.7071067811866404E+00
   0.4200000000000000E+00  -0.6813025796378125E+00
   0.4233333333333333E+00  -0.6551995362602950E+00
   0.4266666666666667E+00  -0.6288091007116261E+00
   0.4300000000000000E+00  -0.6021428487090499E+00
   0.4333333333333333E+00  -0.5752124769520233E+00
   0.4366666666666667E+00  -0.5480297979916552E+00
   0.4400000000000000E+00  -0.5206067350493342E+00
   0.4433333333333334E+00  -0.4929553167868069E+00
   0.4466666666666667E+00  -0.4650876720300113E+00
   0.4500000000000000E+00  -0.4370160244489721E+00
   0.4533333333333334E+00  -0.4087526871960941E+00
   0.4566666666666667E+00  -0.3803100575052089E+00
   0.4600000000000000E+00  -0.3517006112537368E+00
   0.4633333333333334E+00  -0.3229368974903541E+00
   0.4666666666666667E+00  -0.2940315329305678E+00
   0.4700000000000000E+00  -0.2649971964226040E+00
   0.4733333333333334E+00  -0.2358466233860498E+00
   0.4766666666666667E+00  -0.2065926002256749E+00
   0.4800000000000000E+00  -0.1772479587228912E+00
   0.4833333333333333E+00  -0.1478255704073122E+00
   0.4866666666666667E+00  -0.1183383409108714E+00
   0.4900000000000000E+00  -0.8879920430698841E-01
   0.4933333333333333E+00  -0.5922111743725567E-01
   0.4966666666666667E+00  -0.2961705422813820E-01
   0.5000000000000000E+00  -0.1839443331890180E-12
   0.5033333333333334E+00   0.2961705422777145E-01
   0.5066666666666667E+00   0.5922111743688873E-01
   0.5100000000000000E+00   0.8879920430662196E-01
   0.5133333333333334E+00   0.1183383409105062E+00
   0.5166666666666667E+00   0.1478255704069473E+00
   0.5200000000000000E+00   0.1772479587225272E+00
   0.5233333333333333E+00   0.2065926002253117E+00
   0.5266666666666667E+00   0.2358466233856893E+00
   0.5300000000000000E+00   0.2649971964222455E+00
   0.5333333333333333E+00   0.2940315329302119E+00
   0.5366666666666667E+00   0.3229368974900037E+00
   0.5400000000000000E+00   0.3517006112533915E+00
   0.5433333333333333E+00   0.3803100575048700E+00
   0.5466666666666667E+00   0.4087526871957632E+00
   0.5500000000000000E+00   0.4370160244486486E+00
   0.5533333333333333E+00   0.4650876720296962E+00
   0.5566666666666668E+00   0.4929553167865008E+00
   0.5600000000000001E+00   0.5206067350490359E+00
   0.5633333333333334E+00   0.5480297979913643E+00
   0.5666666666666667E+00   0.5752124769517394E+00
   0.5700000000000001E+00   0.6021428487087737E+00
   0.5733333333333334E+00   0.6288091007113561E+00
   0.5766666666666667E+00   0.6551995362600314E+00
   0.5800000000000001E+00   0.6813025796375567E+00
   0.5833333333333334E+00   0.7071067811863915E+00
   0.5866666666666667E+00   0.7326008223309007E+00
   0.5900000000000001E+00   0.7577735205420530E+00
   0.5933333333333334E+00   0.7826138342424459E+00
   0.5966666666666667E+00   0.8071108676495115E+00
   0.6000000000000001E+00   0.8312538755547635E+00
   0.6033333333333334E+00   0.8550322680369993E+00
   0.6066666666666667E+00   0.8784356151073941E+00
   0.6100000000000000E+00   0.9014536512844350E+00
   0.6133333333333334E+00   0.9240762800967025E+00
   0.6166666666666667E+00   0.9462935785115137E+00
   0.6200000000000000E+00   0.9680958012874954E+00
   0.6233333333333334E+00   0.9894733852491691E+00
   0.6266666666666667E+00   0.1010416953481671E+01
   0.6300000000000000E+00   0.1030917319443785E+01
   0.6333333333333334E+00   0.1050965490997456E+01
   0.6366666666666667E+00   0.1070552674352040E+01
   0.6400000000000000E+00   0.1089670277921557E+01
   0.6433333333333334E+00   0.1108309916093239E+01
   0.6466666666666667E+00   0.1126463412905736E+01
   0.6500000000000000E+00   0.1144122805635369E+01
   0.6533333333333333E+00   0.1161280348288838E+01
   0.6566666666666667E+00   0.1177928515000874E+01
   0.6600000000000000E+00   0.1194060003335330E+01
   0.6633333333333333E+00   0.1209667737488271E+01
   0.6666666666666667E+00   0.1224744871391660E+01
   0.6700000000000000E+00   0.1239284791716258E+01
   0.6733333333333333E+00   0.1253281120772466E+01
   0.6766666666666667E+00   0.1266727719307775E+01
   0.6800000000000000E+00   0.1279618689199652E+01
   0.6833333333333333E+00   0.1291948376042653E+01
   0.6866666666666668E+00   0.1303711371628628E+01
   0.6900000000000001E+00   0.1314902516318943E+01
   0.6933333333333334E+00   0.1325516901307665E+01
   0.6966666666666667E+00   0.1335549870774731E+01
   0.7000000000000001E+00   0.1344997023928138E+01
   0.7033333333333334E+00   0.1353854216934282E+01
   0.7066666666666667E+00   0.1362117564735579E+01
   0.7100000000000001E+00   0.1369783442754577E+01
   0.7133333333333334E+00   0.1376848488483816E+01
   0.7166666666666667E+00   0.1383309602960737E+01
   0.7200000000000001E+00   0.1389163952126991E+01
   0.7233333333333334E+00   0.1394408968071543E+01
   0.7266666666666667E+00   0.1399042350157051E+01
   0.7300000000000001E+00   0.1403062066028999E+01
   0.7333333333333334E+00   0.1406466352507151E+01
   0.7366666666666667E+00   0.1409253716358947E+01
   0.7400000000000001E+00   0.1411422934954476E+01
   0.7433333333333334E+00   0.1412973056802771E+01
   0.7466666666666667E+00   0.1413903401969156E+01
   0.7500000000000000E+00   0.1414213562373492E+01
   0.7533333333333334E+00   0.1413903401969176E+01
   0.7566666666666667E+00   0.1412973056802812E+01
   0.7600000000000000E+00   0.1411422934954538E+01
   0.7633333333333334E+00   0.1409253716359027E+01
   0.7666666666666667E+00   0.1406466352507251E+01
   0.7700000000000000E+00   0.1403062066029119E+01
   0.7733333333333334E+00   0.1399042350157190E+01
   0.7766666666666667E+00   0.1394408968071703E+01
   0.7800000000000000E+00   0.1389163952127171E+01
   0.7833333333333334E+00   0.1383309602960938E+01
   0.7866666666666667E+00   0.1376848488484037E+01
   0.7900000000000000E+00   0.1369783442754819E+01
   0.7933333333333333E+00   0.1362117564735841E+01
   0.7966666666666667E+00   0.1353854216934564E+01
   0.8000000000000000E+00   0.1344997023928437E+01
   0.8033333333333333E+00   0.1335549870775046E+01
   0.8066666666666668E+00   0.1325516901307997E+01
   0.8100000000000001E+00   0.1314902516319290E+01
   0.8133333333333334E+00   0.1303711371628990E+01
   0.8166666666666668E+00   0.1291948376043029E+01
   0.8200000000000001E+00   0.1279618689200043E+01
   0.8233333333333334E+00   0.1266727719308179E+01
   0.8266666666666668E+00   0.1253281120772884E+01
   0.8300000000000001E+00   0.1239284791716690E+01
   0.8333333333333334E+00   0.1224744871392103E+01
   0.8366666666666667E+00   0.1209667737488726E+01
   0.8400000000000001E+00   0.1194060003335794E+01
   0.8433333333333334E+00   0.1177928515001346E+01
   0.8466666666666667E+00   0.1161280348289317E+01
   0.8500000000000001E+00   0.1144122805635854E+01
   0.8533333333333334E+00   0.1126463412906229E+01
   0.8566666666666667E+00   0.1108309916093739E+01
   0.8600000000000001E+00   0.1089670277922066E+01
   0.8633333333333334E+00   0.1070552674352559E+01
   0.8666666666666667E+00   0.1050965490997985E+01
   0.8700000000000001E+00   0.1030917319444324E+01
   0.8733333333333334E+00   0.1010416953482220E+01
   0.8766666666666667E+00   0.9894733852497259E+00
   0.8800000000000000E+00   0.9680958012880594E+00
   0.8833333333333334E+00   0.9462935785120806E+00
   0.8866666666666667E+00   0.9240762800972727E+00
   0.8900000000000000E+00   0.9014536512850070E+00
   0.8933333333333334E+00   0.8784356151079655E+00
   0.8966666666666667E+00   0.8550322680375702E+00
   0.9000000000000000E+00   0.8312538755553323E+00
   0.9033333333333334E+00   0.8071108676500777E+00
   0.9066666666666667E+00   0.7826138342430080E+00
   0.9100000000000000E+00   0.7577735205426092E+00
   0.9133333333333334E+00   0.7326008223314489E+00
   0.9166666666666667E+00   0.7071067811869297E+00
   0.9200000000000000E+00   0.6813025796380836E+00
   0.9233333333333333E+00   0.6551995362605463E+00
   0.9266666666666667E+00   0.6288091007118580E+00
   0.9300000000000000E+00   0.6021428487092636E+00
   0.9333333333333333E+00   0.5752124769522194E+00
   0.9366666666666668E+00   0.5480297979918336E+00
   0.9400000000000001E+00   0.5206067350494952E+00
   0.9433333333333334E+00   0.4929553167869496E+00
   0.9466666666666668E+00   0.4650876720301335E+00
   0.9500000000000001E+00   0.4370160244490728E+00
   0.9533333333333334E+00   0.4087526871961733E+00
   0.9566666666666668E+00   0.3803100575052664E+00
   0.9600000000000001E+00   0.3517006112537747E+00
   0.9633333333333334E+00   0.3229368974903755E+00
   0.9666666666666667E+00   0.2940315329305743E+00
   0.9700000000000001E+00   0.2649971964225956E+00
   0.9733333333333334E+00   0.2358466233860256E+00
   0.9766666666666667E+00   0.2065926002256312E+00
   0.9800000000000001E+00   0.1772479587228250E+00
   0.9833333333333334E+00   0.1478255704072241E+00
   0.9866666666666667E+00   0.1183383409107650E+00
   0.9900000000000001E+00   0.8879920430686540E-01
   0.9933333333333334E+00   0.5922111743711447E-01
   0.9966666666666667E+00   0.2961705422797427E-01
   0.1000000000000000E+01   0.2571654377884951E-16
