   0.0000000000000000E+00   0.0000000000000000E+00
   0.3333333333333334E-02  -0.2358466231662984E+00
   0.6666666666666667E-02  -0.4650876723422943E+00
   0.1000000000000000E-01  -0.6813025796445676E+00
   0.1333333333333333E-01  -0.8784356145969022E+00
   0.1666666666666667E-01  -0.1050965490918262E+01
   0.2000000000000000E-01  -0.1194060004008201E+01
   0.2333333333333333E-01  -0.1303711372209047E+01
   0.2666666666666667E-01  -0.1376848488089184E+01
   0.3000000000000000E-01  -0.1411422933795687E+01
   0.3333333333333333E-01  -0.1406466351757373E+01
   0.3666666666666667E-01  -0.1362117565351268E+01
   0.4000000000000000E-01  -0.1279618690901445E+01
   0.4333333333333333E-01  -0.1161280349682032E+01
   0.4666666666666667E-01  -0.1010416953217361E+01
   0.5000000000000000E-01  -0.8312538735208089E+00
   0.5333333333333334E-01  -0.6288090982539070E+00
   0.5666666666666667E-01  -0.4087526861826641E+00
   0.6000000000000000E-01  -0.1772479601492856E+00
   0.6333333333333334E-01   0.5922111427300332E-01
   0.6666666666666667E-01   0.2940315300680839E+00
   0.7000000000000001E-01   0.5206067345200216E+00
   0.7333333333333333E-01   0.7326008247194150E+00
   0.7666666666666667E-01   0.9240762840126466E+00
   0.8000000000000000E-01   0.1089670280832345E+01
   0.8333333333333334E-01   0.1224744871331068E+01
   0.8666666666666667E-01   0.1325516898283549E+01
   0.9000000000000001E-01   0.1389163948168465E+01
   0.9333333333333334E-01   0.1413903399714932E+01
   0.9666666666666668E-01   0.1399042350991859E+01
   0.1000000000000000E+00   0.1344997027042297E+01
   0.1033333333333333E+00   0.1253281123834025E+01
   0.1066666666666667E+00   0.1126463413804790E+01
   0.1100000000000000E+00   0.9680957996239443E+00
   0.1133333333333333E+00   0.7826138314946429E+00
   0.1166666666666667E+00   0.5752124752932325E+00
   0.1200000000000000E+00   0.3517006119417698E+00
   0.1233333333333333E+00   0.1183383434026621E+00
   0.1266666666666667E+00  -0.1183383385340024E+00
   0.1300000000000000E+00  -0.3517006108871024E+00
   0.1333333333333333E+00  -0.5752124790713801E+00
   0.1366666666666667E+00  -0.7826138374895030E+00
   0.1400000000000000E+00  -0.9680958033666638E+00
   0.1433333333333333E+00  -0.1126463412221381E+01
   0.1466666666666667E+00  -0.1253281117645374E+01
   0.1500000000000000E+00  -0.1344997020452717E+01
   0.1533333333333333E+00  -0.1399042348731335E+01
   0.1566666666666667E+00  -0.1413903403552433E+01
   0.1600000000000000E+00  -0.1389163955535391E+01
   0.1633333333333333E+00  -0.1325516904096583E+01
   0.1666666666666667E+00  -0.1224744871656386E+01
   0.1700000000000000E+00  -0.1089670275648555E+01
   0.1733333333333333E+00  -0.9240762770878519E+00
   0.1766666666666667E+00  -0.7326008208269490E+00
   0.1800000000000000E+00  -0.5206067361057490E+00
   0.1833333333333333E+00  -0.2940315357057682E+00
   0.1866666666666667E+00  -0.5922111984238564E-01
   0.1900000000000000E+00   0.1772479585143069E+00
   0.1933333333333334E+00   0.4087526894379731E+00
   0.1966666666666667E+00   0.6288091038695870E+00
   0.2000000000000000E+00   0.8312538773579939E+00
   0.2033333333333333E+00   0.1010416952546035E+01
   0.2066666666666667E+00   0.1161280345169516E+01
   0.2100000000000000E+00   0.1279618686060817E+01
   0.2133333333333333E+00   0.1362117563810664E+01
   0.2166666666666667E+00   0.1406466354454224E+01
   0.2200000000000000E+00   0.1411422938350052E+01
   0.2233333333333334E+00   0.1376848490870623E+01
   0.2266666666666667E+00   0.1303711371334997E+01
   0.2300000000000000E+00   0.1194060000681148E+01
   0.2333333333333333E+00   0.1050965488000549E+01
   0.2366666666666667E+00   0.8784356139642023E+00
   0.2400000000000000E+00   0.6813025811347705E+00
   0.2433333333333333E+00   0.4650876750261994E+00
   0.2466666666666667E+00   0.2358466256770188E+00
   0.2500000000000000E+00  -0.9941141128419454E-10
   0.2533333333333334E+00  -0.2358466258522118E+00
   0.2566666666666667E+00  -0.4650876751358674E+00
   0.2600000000000000E+00  -0.6813025811519795E+00
   0.2633333333333334E+00  -0.8784356138833875E+00
   0.2666666666666667E+00  -0.1050965487839237E+01
   0.2700000000000000E+00  -0.1194060000476533E+01
   0.2733333333333334E+00  -0.1303711371135862E+01
   0.2766666666666667E+00  -0.1376848490726222E+01
   0.2800000000000000E+00  -0.1411422938298326E+01
   0.2833333333333333E+00  -0.1406466354512020E+01
   0.2866666666666667E+00  -0.1362117563968441E+01
   0.2900000000000000E+00  -0.1279618686283438E+01
   0.2933333333333333E+00  -0.1161280345403434E+01
   0.2966666666666667E+00  -0.1010416952731606E+01
   0.3000000000000000E+00  -0.8312538774442896E+00
   0.3033333333333333E+00  -0.6288091038281607E+00
   0.3066666666666667E+00  -0.4087526892719149E+00
   0.3100000000000000E+00  -0.1772479582598318E+00
   0.3133333333333334E+00   0.5922112012299459E-01
   0.3166666666666667E+00   0.2940315359387312E+00
   0.3200000000000000E+00   0.5206067362247421E+00
   0.3233333333333334E+00   0.7326008207917245E+00
   0.3266666666666667E+00   0.9240762768973757E+00
   0.3300000000000000E+00   0.1089670275344554E+01
   0.3333333333333334E+00   0.1224744871315340E+01
   0.3366666666666667E+00   0.1325516903811298E+01
   0.3400000000000000E+00   0.1389163955390267E+01
   0.3433333333333334E+00   0.1413903403598817E+01
   0.3466666666666667E+00   0.1399042348969987E+01
   0.3500000000000000E+00   0.1344997020829166E+01
   0.3533333333333333E+00   0.1253281118060823E+01
   0.3566666666666667E+00   0.1126463412557576E+01
   0.3600000000000000E+00   0.9680958035189134E+00
   0.3633333333333333E+00   0.7826138373989360E+00
   0.3666666666666667E+00   0.5752124787467409E+00
   0.3700000000000001E+00   0.3517006104084004E+00
   0.3733333333333334E+00   0.1183383380349005E+00
   0.3766666666666667E+00  -0.1183383437707500E+00
   0.3800000000000000E+00  -0.3517006120548634E+00
   0.3833333333333334E+00  -0.5752124750963168E+00
   0.3866666666666667E+00  -0.7826138310259920E+00
   0.3900000000000000E+00  -0.9680957990123833E+00
   0.3933333333333334E+00  -0.1126463413237373E+01
   0.3966666666666667E+00  -0.1253281123500783E+01
   0.4000000000000000E+00  -0.1344997027073265E+01
   0.4033333333333334E+00  -0.1399042351406358E+01
   0.4066666666666667E+00  -0.1413903400402131E+01
   0.4100000000000000E+00  -0.1389163948910626E+01
   0.4133333333333334E+00  -0.1325516898820352E+01
   0.4166666666666667E+00  -0.1224744871448644E+01
   0.4200000000000000E+00  -0.1089670280448659E+01
   0.4233333333333333E+00  -0.9240762832268382E+00
   0.4266666666666667E+00  -0.7326008237995210E+00
   0.4300000000000000E+00  -0.5206067338218784E+00
   0.4333333333333333E+00  -0.2940315299037710E+00
   0.4366666666666667E+00  -0.5922111477209958E-01
   0.4400000000000000E+00   0.1772479591283848E+00
   0.4433333333333334E+00   0.4087526850403197E+00
   0.4466666666666667E+00   0.6288090975147499E+00
   0.4500000000000000E+00   0.8312538736064975E+00
   0.4533333333333334E+00   0.1010416954210532E+01
   0.4566666666666667E+00   0.1161280351199710E+01
   0.4600000000000000E+00   0.1279618692183643E+01
   0.4633333333333334E+00   0.1362117565595058E+01
   0.4666666666666667E+00   0.1406466350595992E+01
   0.4700000000000000E+00   0.1411422931680407E+01
   0.4733333333333334E+00   0.1376848486264872E+01
   0.4766666666666667E+00   0.1303711372089569E+01
   0.4800000000000000E+00   0.1194060006113330E+01
   0.4833333333333333E+00   0.1050965494043811E+01
   0.4866666666666667E+00   0.8784356162175485E+00
   0.4900000000000000E+00   0.6813025780400743E+00
   0.4933333333333333E+00   0.4650876688957870E+00
   0.4966666666666667E+00   0.2358466209577175E+00
   0.5000000000000000E+00  -0.6723501070554553E-13
   0.5033333333333334E+00  -0.2358466209578585E+00
   0.5066666666666667E+00  -0.4650876688959195E+00
   0.5100000000000000E+00  -0.6813025780401984E+00
   0.5133333333333334E+00  -0.8784356162176653E+00
   0.5166666666666667E+00  -0.1050965494043911E+01
   0.5200000000000000E+00  -0.1194060006113414E+01
   0.5233333333333333E+00  -0.1303711372089633E+01
   0.5266666666666667E+00  -0.1376848486264918E+01
   0.5300000000000000E+00  -0.1411422931680429E+01
   0.5333333333333333E+00  -0.1406466350595991E+01
   0.5366666666666667E+00  -0.1362117565595031E+01
   0.5400000000000000E+00  -0.1279618692183594E+01
   0.5433333333333333E+00  -0.1161280351199637E+01
   0.5466666666666667E+00  -0.1010416954210436E+01
   0.5500000000000000E+00  -0.8312538736063828E+00
   0.5533333333333333E+00  -0.6288090975146172E+00
   0.5566666666666668E+00  -0.4087526850401688E+00
   0.5600000000000001E+00  -0.1772479591282277E+00
   0.5633333333333334E+00   0.5922111477226343E-01
   0.5666666666666667E+00   0.2940315299039324E+00
   0.5700000000000001E+00   0.5206067338220431E+00
   0.5733333333333334E+00   0.7326008237996734E+00
   0.5766666666666667E+00   0.9240762832269735E+00
   0.5800000000000001E+00   0.1089670280448780E+01
   0.5833333333333334E+00   0.1224744871448739E+01
   0.5866666666666667E+00   0.1325516898820422E+01
   0.5900000000000001E+00   0.1389163948910669E+01
   0.5933333333333334E+00   0.1413903400402146E+01
   0.5966666666666667E+00   0.1399042351406346E+01
   0.6000000000000001E+00   0.1344997027073229E+01
   0.6033333333333334E+00   0.1253281123500729E+01
   0.6066666666666667E+00   0.1126463413237305E+01
   0.6100000000000000E+00   0.9680957990123077E+00
   0.6133333333333334E+00   0.7826138310259052E+00
   0.6166666666666667E+00   0.5752124750962331E+00
   0.6200000000000000E+00   0.3517006120547866E+00
   0.6233333333333334E+00   0.1183383437706711E+00
   0.6266666666666667E+00  -0.1183383380349678E+00
   0.6300000000000000E+00  -0.3517006104084593E+00
   0.6333333333333334E+00  -0.5752124787467955E+00
   0.6366666666666667E+00  -0.7826138373989803E+00
   0.6400000000000000E+00  -0.9680958035189515E+00
   0.6433333333333334E+00  -0.1126463412557611E+01
   0.6466666666666667E+00  -0.1253281118060853E+01
   0.6500000000000000E+00  -0.1344997020829193E+01
   0.6533333333333333E+00  -0.1399042348970013E+01
   0.6566666666666667E+00  -0.1413903403598843E+01
   0.6600000000000000E+00  -0.1389163955390292E+01
   0.6633333333333333E+00  -0.1325516903811324E+01
   0.6666666666666667E+00  -0.1224744871315363E+01
   0.6700000000000000E+00  -0.1089670275344577E+01
   0.6733333333333333E+00  -0.9240762768974019E+00
   0.6766666666666667E+00  -0.7326008207917458E+00
   0.6800000000000000E+00  -0.5206067362247683E+00
   0.6833333333333333E+00  -0.2940315359387594E+00
   0.6866666666666668E+00  -0.5922112012302194E-01
   0.6900000000000001E+00   0.1772479582597972E+00
   0.6933333333333334E+00   0.4087526892718774E+00
   0.6966666666666667E+00   0.6288091038281178E+00
   0.7000000000000001E+00   0.8312538774442531E+00
   0.7033333333333334E+00   0.1010416952731569E+01
   0.7066666666666667E+00   0.1161280345403400E+01
   0.7100000000000001E+00   0.1279618686283417E+01
   0.7133333333333334E+00   0.1362117563968429E+01
   0.7166666666666667E+00   0.1406466354512022E+01
   0.7200000000000001E+00   0.1411422938298344E+01
   0.7233333333333334E+00   0.1376848490726257E+01
   0.7266666666666667E+00   0.1303711371135909E+01
   0.7300000000000001E+00   0.1194060000476591E+01
   0.7333333333333334E+00   0.1050965487839304E+01
   0.7366666666666667E+00   0.8784356138834587E+00
   0.7400000000000001E+00   0.6813025811520479E+00
   0.7433333333333334E+00   0.4650876751359306E+00
   0.7466666666666667E+00   0.2358466258522714E+00
   0.7500000000000000E+00   0.9946565172385803E-10
   0.7533333333333334E+00  -0.2358466256769814E+00
   0.7566666666666667E+00  -0.4650876750261717E+00
   0.7600000000000000E+00  -0.6813025811347525E+00
   0.7633333333333334E+00  -0.8784356139642013E+00
   0.7666666666666667E+00  -0.1050965488000558E+01
   0.7700000000000000E+00  -0.1194060000681169E+01
   0.7733333333333334E+00  -0.1303711371335035E+01
   0.7766666666666667E+00  -0.1376848490870678E+01
   0.7800000000000000E+00  -0.1411422938350124E+01
   0.7833333333333334E+00  -0.1406466354454312E+01
   0.7866666666666667E+00  -0.1362117563810767E+01
   0.7900000000000000E+00  -0.1279618686060933E+01
   0.7933333333333333E+00  -0.1161280345169638E+01
   0.7966666666666667E+00  -0.1010416952546155E+01
   0.8000000000000000E+00  -0.8312538773581087E+00
   0.8033333333333333E+00  -0.6288091038696918E+00
   0.8066666666666668E+00  -0.4087526894380583E+00
   0.8100000000000001E+00  -0.1772479585143802E+00
   0.8133333333333334E+00   0.5922111984232480E-01
   0.8166666666666668E+00   0.2940315357057253E+00
   0.8200000000000001E+00   0.5206067361057116E+00
   0.8233333333333334E+00   0.7326008208269129E+00
   0.8266666666666668E+00   0.9240762770878234E+00
   0.8300000000000001E+00   0.1089670275648527E+01
   0.8333333333333334E+00   0.1224744871656359E+01
   0.8366666666666667E+00   0.1325516904096562E+01
   0.8400000000000001E+00   0.1389163955535380E+01
   0.8433333333333334E+00   0.1413903403552434E+01
   0.8466666666666667E+00   0.1399042348731348E+01
   0.8500000000000001E+00   0.1344997020452738E+01
   0.8533333333333334E+00   0.1253281117645403E+01
   0.8566666666666667E+00   0.1126463412221411E+01
   0.8600000000000001E+00   0.9680958033666854E+00
   0.8633333333333334E+00   0.7826138374895157E+00
   0.8666666666666667E+00   0.5752124790713853E+00
   0.8700000000000001E+00   0.3517006108870915E+00
   0.8733333333333334E+00   0.1183383385339863E+00
   0.8766666666666667E+00  -0.1183383434026756E+00
   0.8800000000000000E+00  -0.3517006119417757E+00
   0.8833333333333334E+00  -0.5752124752932329E+00
   0.8866666666666667E+00  -0.7826138314946297E+00
   0.8900000000000000E+00  -0.9680957996239180E+00
   0.8933333333333334E+00  -0.1126463413804762E+01
   0.8966666666666667E+00  -0.1253281123833997E+01
   0.9000000000000000E+00  -0.1344997027042276E+01
   0.9033333333333334E+00  -0.1399042350991850E+01
   0.9066666666666667E+00  -0.1413903399714934E+01
   0.9100000000000000E+00  -0.1389163948168478E+01
   0.9133333333333334E+00  -0.1325516898283563E+01
   0.9166666666666667E+00  -0.1224744871331078E+01
   0.9200000000000000E+00  -0.1089670280832348E+01
   0.9233333333333333E+00  -0.9240762840126425E+00
   0.9266666666666667E+00  -0.7326008247194029E+00
   0.9300000000000000E+00  -0.5206067345200142E+00
   0.9333333333333333E+00  -0.2940315300680915E+00
   0.9366666666666668E+00  -0.5922111427302333E-01
   0.9400000000000001E+00   0.1772479601492435E+00
   0.9433333333333334E+00   0.4087526861826049E+00
   0.9466666666666668E+00   0.6288090982538472E+00
   0.9500000000000001E+00   0.8312538735207503E+00
   0.9533333333333334E+00   0.1010416953217308E+01
   0.9566666666666668E+00   0.1161280349681988E+01
   0.9600000000000001E+00   0.1279618690901393E+01
   0.9633333333333334E+00   0.1362117565351200E+01
   0.9666666666666667E+00   0.1406466351757285E+01
   0.9700000000000001E+00   0.1411422933795589E+01
   0.9733333333333334E+00   0.1376848488089096E+01
   0.9766666666666667E+00   0.1303711372208985E+01
   0.9800000000000001E+00   0.1194060004008101E+01
   0.9833333333333334E+00   0.1050965490918229E+01
   0.9866666666666667E+00   0.8784356145968125E+00
   0.9900000000000001E+00   0.6813025796444721E+00
   0.9933333333333334E+00   0.4650876723422683E+00
   0.9966666666666667E+00   0.2358466231663291E+00
   0.1000000000000000E+01  -0.3568308523992086E-16
