   0.0000000000000000E+00   0.0000000000000000E+00
   0.3333333333333334E-02   0.1919308031552666E+00
   0.6666666666666667E-02   0.3803100575170636E+00
   0.1000000000000000E-01   0.5616519331969512E+00
   0.1333333333333333E-01   0.7326008223114676E+00
   0.1666666666666667E-01   0.8899934321115488E+00
   0.2000000000000000E-01   0.1030917319481393E+01
   0.2333333333333333E-01   0.1152764783797172E+01
   0.2666666666666667E-01   0.1253281120725642E+01
   0.3000000000000000E-01   0.1330606343966771E+01
   0.3333333333333333E-01   0.1383309602953267E+01
   0.3666666666666667E-01   0.1410415659721544E+01
   0.4000000000000000E-01   0.1411422935063596E+01
   0.4333333333333333E-01   0.1386312789991616E+01
   0.4666666666666667E-01   0.1335549870687832E+01
   0.5000000000000000E-01   0.1260073510509030E+01
   0.5333333333333334E-01   0.1161280348175672E+01
   0.5666666666666667E-01   0.1040998483860647E+01
   0.6000000000000000E-01   0.9014536514551159E+00
   0.6333333333333334E-01   0.7452280329578167E+00
   0.6666666666666667E-01   0.5752124770346527E+00
   0.7000000000000001E-01   0.3945530058504404E+00
   0.7333333333333333E-01   0.2065926000175657E+00
   0.7666666666666667E-01   0.1480933893342125E-01
   0.8000000000000000E-01  -0.1772479587641864E+00
   0.8333333333333334E-01  -0.3660254036586508E+00
   0.8666666666666667E-01  -0.5480297977906901E+00
   0.9000000000000001E-01  -0.7198932738290656E+00
   0.9333333333333334E-01  -0.8784356151272273E+00
   0.9666666666666668E-01  -0.1020723103503446E+01
   0.1000000000000000E+00  -0.1144122805783643E+01
   0.1033333333333333E+00  -0.1246351294508636E+01
   0.1066666666666667E+00  -0.1325516901203404E+01
   0.1100000000000000E+00  -0.1380154720336152E+01
   0.1133333333333333E+00  -0.1409253716304264E+01
   0.1166666666666667E+00  -0.1412275431928940E+01
   0.1200000000000000E+00  -0.1389163952298169E+01
   0.1233333333333333E+00  -0.1340346939535640E+01
   0.1266666666666667E+00  -0.1266727719262455E+01
   0.1300000000000000E+00  -0.1169668565137658E+01
   0.1333333333333333E+00  -0.1050965490816369E+01
   0.1366666666666667E+00  -0.9128150158626347E+00
   0.1400000000000000E+00  -0.7577735206507812E+00
   0.1433333333333333E+00  -0.5887099423601304E+00
   0.1466666666666667E+00  -0.4087526873316912E+00
   0.1500000000000000E+00  -0.2212317420737062E+00
   0.1533333333333333E+00  -0.2961705409219920E-01
   0.1566666666666667E+00   0.1625456772019332E+00
   0.1600000000000000E+00   0.3517006113089158E+00
   0.1633333333333333E+00   0.5343475650530817E+00
   0.1666666666666667E+00   0.7071067810333381E+00
   0.1700000000000000E+00   0.8667814676528688E+00
   0.1733333333333333E+00   0.1010416953525469E+01
   0.1766666666666667E+00   0.1135355361683995E+01
   0.1800000000000000E+00   0.1239284791867184E+01
   0.1833333333333333E+00   0.1320282100737596E+01
   0.1866666666666667E+00   0.1376848488346471E+01
   0.1900000000000000E+00   0.1407937232330769E+01
   0.1933333333333334E+00   0.1412973056699326E+01
   0.1966666666666667E+00   0.1391862776883860E+01
   0.2000000000000000E+00   0.1344997024109507E+01
   0.2033333333333333E+00   0.1273243017132973E+01
   0.2066666666666667E+00   0.1177928515016918E+01
   0.2100000000000000E+00   0.1060817247829664E+01
   0.2133333333333333E+00   0.9240762799315185E+00
   0.2166666666666667E+00   0.7702359098427456E+00
   0.2200000000000000E+00   0.6021428487806241E+00
   0.2233333333333334E+00   0.4229075442682337E+00
   0.2266666666666667E+00   0.2358466235045529E+00
   0.2300000000000000E+00   0.4442152148005471E-01
   0.2333333333333333E+00  -0.1478255705448828E+00
   0.2366666666666667E+00  -0.3373372509485927E+00
   0.2400000000000000E+00  -0.5206067351110946E+00
   0.2433333333333333E+00  -0.6942427460931587E+00
   0.2466666666666667E+00  -0.8550322678585169E+00
   0.2500000000000000E+00  -0.9999999998648804E+00
   0.2533333333333334E+00  -0.1126463412918049E+01
   0.2566666666666667E+00  -0.1232082387564819E+01
   0.2600000000000000E+00  -0.1314902516492835E+01
   0.2633333333333334E+00  -0.1373391269593592E+01
   0.2666666666666667E+00  -0.1406466352406619E+01
   0.2700000000000000E+00  -0.1413515733171817E+01
   0.2733333333333334E+00  -0.1394408967958785E+01
   0.2766666666666667E+00  -0.1349499614393947E+01
   0.2800000000000000E+00  -0.1279618689361651E+01
   0.2833333333333333E+00  -0.1186059291702658E+01
   0.2866666666666667E+00  -0.1070552674373104E+01
   0.2900000000000000E+00  -0.9352362087746889E+00
   0.2933333333333333E+00  -0.7826138340698051E+00
   0.2966666666666667E+00  -0.6155097234089922E+00
   0.3000000000000000E+00  -0.4370160245082794E+00
   0.3033333333333333E+00  -0.2504356416123786E+00
   0.3066666666666667E+00  -0.5922111758231126E-01
   0.3100000000000000E+00   0.1330892530068475E+00
   0.3133333333333334E+00   0.3229368976092395E+00
   0.3166666666666667E+00   0.5068088147355472E+00
   0.3200000000000000E+00   0.6813025797277898E+00
   0.3233333333333334E+00   0.8431893043413641E+00
   0.3266666666666667E+00   0.9894733850844374E+00
   0.3300000000000000E+00   0.1117447934736405E+01
   0.3333333333333334E+00   0.1224744871385760E+01
   0.3366666666666667E+00   0.1309378738179420E+01
   0.3400000000000000E+00   0.1369783442929572E+01
   0.3433333333333334E+00   0.1404841237675782E+01
   0.3466666666666667E+00   0.1413903401877976E+01
   0.3500000000000000E+00   0.1396802246485113E+01
   0.3533333333333333E+00   0.1353854216803904E+01
   0.3566666666666667E+00   0.1285854036836901E+01
   0.3600000000000000E+00   0.1194060003491172E+01
   0.3633333333333333E+00   0.1080170702747363E+01
   0.3666666666666667E+00   0.9462935785603216E+00
   0.3700000000000001E+00   0.7949059360416777E+00
   0.3733333333333334E+00   0.6288091005414649E+00
   0.3766666666666667E+00   0.4510765809457351E+00
   0.3800000000000000E+00   0.2649971964556428E+00
   0.3833333333333334E+00   0.7401421926686418E-01
   0.3866666666666667E+00  -0.1183383407597796E+00
   0.3900000000000000E+00  -0.3085011304840781E+00
   0.3933333333333334E+00  -0.4929553168910988E+00
   0.3966666666666667E+00  -0.6682877007582466E+00
   0.4000000000000000E+00  -0.8312538756613145E+00
   0.4033333333333334E+00  -0.9788382635486194E+00
   0.4066666666666667E+00  -0.1108309915930178E+01
   0.4100000000000000E+00  -0.1217273048135254E+01
   0.4133333333333334E+00  -0.1303711371600126E+01
   0.4166666666666667E+00  -0.1366025403910596E+01
   0.4200000000000000E+00  -0.1403062066210827E+01
   0.4233333333333333E+00  -0.1414136020240044E+01
   0.4266666666666667E+00  -0.1399042350088365E+01
   0.4300000000000000E+00  -0.1358060353970579E+01
   0.4333333333333333E+00  -0.1291948375900030E+01
   0.4366666666666667E+00  -0.1201929772984628E+01
   0.4400000000000000E+00  -0.1089670278061794E+01
   0.4433333333333334E+00  -0.9572471765376001E+00
   0.4466666666666667E+00  -0.8071108677160119E+00
   0.4500000000000000E+00  -0.6420395218368715E+00
   0.4533333333333334E+00  -0.4650876718627854E+00
   0.4566666666666667E+00  -0.2795296913429559E+00
   0.4600000000000000E+00  -0.8879920431899169E-01
   0.4633333333333334E+00   0.1035744515227991E+00
   0.4666666666666667E+00   0.2940315327687956E+00
   0.4700000000000000E+00   0.4790477608387125E+00
   0.4733333333333334E+00   0.6551995363465145E+00
   0.4766666666666667E+00   0.8192272905260366E+00
   0.4800000000000000E+00   0.9680958014132861E+00
   0.4833333333333333E+00   0.1099050358616093E+01
   0.4866666666666667E+00   0.1209667737335137E+01
   0.4900000000000000E+00   0.1297901038405183E+01
   0.4933333333333333E+00   0.1362117564686026E+01
   0.4966666666666667E+00   0.1401129032996321E+01
   0.5000000000000000E+00   0.1414213562555354E+01
   0.5033333333333334E+00   0.1401129032996336E+01
   0.5066666666666667E+00   0.1362117564686057E+01
   0.5100000000000000E+00   0.1297901038405229E+01
   0.5133333333333334E+00   0.1209667737335195E+01
   0.5166666666666667E+00   0.1099050358616166E+01
   0.5200000000000000E+00   0.9680958014133705E+00
   0.5233333333333333E+00   0.8192272905261342E+00
   0.5266666666666667E+00   0.6551995363466149E+00
   0.5300000000000000E+00   0.4790477608388212E+00
   0.5333333333333333E+00   0.2940315327689102E+00
   0.5366666666666667E+00   0.1035744515229076E+00
   0.5400000000000000E+00  -0.8879920431888302E-01
   0.5433333333333333E+00  -0.2795296913428533E+00
   0.5466666666666667E+00  -0.4650876718626949E+00
   0.5500000000000000E+00  -0.6420395218367894E+00
   0.5533333333333333E+00  -0.8071108677159439E+00
   0.5566666666666668E+00  -0.9572471765375511E+00
   0.5600000000000001E+00  -0.1089670278061762E+01
   0.5633333333333334E+00  -0.1201929772984614E+01
   0.5666666666666667E+00  -0.1291948375900034E+01
   0.5700000000000001E+00  -0.1358060353970604E+01
   0.5733333333333334E+00  -0.1399042350088407E+01
   0.5766666666666667E+00  -0.1414136020240103E+01
   0.5800000000000001E+00  -0.1403062066210899E+01
   0.5833333333333334E+00  -0.1366025403910682E+01
   0.5866666666666667E+00  -0.1303711371600224E+01
   0.5900000000000001E+00  -0.1217273048135360E+01
   0.5933333333333334E+00  -0.1108309915930296E+01
   0.5966666666666667E+00  -0.9788382635487466E+00
   0.6000000000000001E+00  -0.8312538756614489E+00
   0.6033333333333334E+00  -0.6682877007583928E+00
   0.6066666666666667E+00  -0.4929553168912551E+00
   0.6100000000000000E+00  -0.3085011304842469E+00
   0.6133333333333334E+00  -0.1183383407599506E+00
   0.6166666666666667E+00   0.7401421926668310E-01
   0.6200000000000000E+00   0.2649971964554541E+00
   0.6233333333333334E+00   0.4510765809455520E+00
   0.6266666666666667E+00   0.6288091005412825E+00
   0.6300000000000000E+00   0.7949059360415037E+00
   0.6333333333333334E+00   0.9462935785601641E+00
   0.6366666666666667E+00   0.1080170702747223E+01
   0.6400000000000000E+00   0.1194060003491057E+01
   0.6433333333333334E+00   0.1285854036836816E+01
   0.6466666666666667E+00   0.1353854216803851E+01
   0.6500000000000000E+00   0.1396802246485094E+01
   0.6533333333333333E+00   0.1413903401877994E+01
   0.6566666666666667E+00   0.1404841237675837E+01
   0.6600000000000000E+00   0.1369783442929666E+01
   0.6633333333333333E+00   0.1309378738179551E+01
   0.6666666666666667E+00   0.1224744871385924E+01
   0.6700000000000000E+00   0.1117447934736602E+01
   0.6733333333333333E+00   0.9894733850846669E+00
   0.6766666666666667E+00   0.8431893043416159E+00
   0.6800000000000000E+00   0.6813025797280680E+00
   0.6833333333333333E+00   0.5068088147358443E+00
   0.6866666666666668E+00   0.3229368976095480E+00
   0.6900000000000001E+00   0.1330892530071680E+00
   0.6933333333333334E+00  -0.5922111758198879E-01
   0.6966666666666667E+00  -0.2504356416120580E+00
   0.7000000000000001E+00  -0.4370160245079769E+00
   0.7033333333333334E+00  -0.6155097234087064E+00
   0.7066666666666667E+00  -0.7826138340695429E+00
   0.7100000000000001E+00  -0.9352362087744648E+00
   0.7133333333333334E+00  -0.1070552674372915E+01
   0.7166666666666667E+00  -0.1186059291702510E+01
   0.7200000000000001E+00  -0.1279618689361551E+01
   0.7233333333333334E+00  -0.1349499614393893E+01
   0.7266666666666667E+00  -0.1394408967958778E+01
   0.7300000000000001E+00  -0.1413515733171857E+01
   0.7333333333333334E+00  -0.1406466352406704E+01
   0.7366666666666667E+00  -0.1373391269593720E+01
   0.7400000000000001E+00  -0.1314902516493003E+01
   0.7433333333333334E+00  -0.1232082387565022E+01
   0.7466666666666667E+00  -0.1126463412918286E+01
   0.7500000000000000E+00  -0.9999999998651472E+00
   0.7533333333333334E+00  -0.8550322678588013E+00
   0.7566666666666667E+00  -0.6942427460934608E+00
   0.7600000000000000E+00  -0.5206067351114083E+00
   0.7633333333333334E+00  -0.3373372509489059E+00
   0.7666666666666667E+00  -0.1478255705451981E+00
   0.7700000000000000E+00   0.4442152147974363E-01
   0.7733333333333334E+00   0.2358466235042571E+00
   0.7766666666666667E+00   0.4229075442679518E+00
   0.7800000000000000E+00   0.6021428487803583E+00
   0.7833333333333334E+00   0.7702359098425071E+00
   0.7866666666666667E+00   0.9240762799313058E+00
   0.7900000000000000E+00   0.1060817247829481E+01
   0.7933333333333333E+00   0.1177928515016769E+01
   0.7966666666666667E+00   0.1273243017132866E+01
   0.8000000000000000E+00   0.1344997024109441E+01
   0.8033333333333333E+00   0.1391862776883839E+01
   0.8066666666666668E+00   0.1412973056699351E+01
   0.8100000000000001E+00   0.1407937232330840E+01
   0.8133333333333334E+00   0.1376848488346587E+01
   0.8166666666666668E+00   0.1320282100737752E+01
   0.8200000000000001E+00   0.1239284791867379E+01
   0.8233333333333334E+00   0.1135355361684225E+01
   0.8266666666666668E+00   0.1010416953525727E+01
   0.8300000000000001E+00   0.8667814676531533E+00
   0.8333333333333334E+00   0.7071067810336459E+00
   0.8366666666666667E+00   0.5343475650534094E+00
   0.8400000000000001E+00   0.3517006113092510E+00
   0.8433333333333334E+00   0.1625456772022760E+00
   0.8466666666666667E+00  -0.2961705409185512E-01
   0.8500000000000001E+00  -0.2212317420733749E+00
   0.8533333333333334E+00  -0.4087526873313728E+00
   0.8566666666666667E+00  -0.5887099423598343E+00
   0.8600000000000001E+00  -0.7577735206505192E+00
   0.8633333333333334E+00  -0.9128150158624065E+00
   0.8666666666666667E+00  -0.1050965490816177E+01
   0.8700000000000001E+00  -0.1169668565137506E+01
   0.8733333333333334E+00  -0.1266727719262339E+01
   0.8766666666666667E+00  -0.1340346939535557E+01
   0.8800000000000000E+00  -0.1389163952298115E+01
   0.8833333333333334E+00  -0.1412275431928913E+01
   0.8866666666666667E+00  -0.1409253716304263E+01
   0.8900000000000000E+00  -0.1380154720336173E+01
   0.8933333333333334E+00  -0.1325516901203448E+01
   0.8966666666666667E+00  -0.1246351294508704E+01
   0.9000000000000000E+00  -0.1144122805783733E+01
   0.9033333333333334E+00  -0.1020723103503552E+01
   0.9066666666666667E+00  -0.8784356151273478E+00
   0.9100000000000000E+00  -0.7198932738291947E+00
   0.9133333333333334E+00  -0.5480297977908142E+00
   0.9166666666666667E+00  -0.3660254036587693E+00
   0.9200000000000000E+00  -0.1772479587642973E+00
   0.9233333333333333E+00   0.1480933893331769E-01
   0.9266666666666667E+00   0.2065926000174701E+00
   0.9300000000000000E+00   0.3945530058503398E+00
   0.9333333333333333E+00   0.5752124770345397E+00
   0.9366666666666668E+00   0.7452280329576942E+00
   0.9400000000000001E+00   0.9014536514549788E+00
   0.9433333333333334E+00   0.1040998483860502E+01
   0.9466666666666668E+00   0.1161280348175532E+01
   0.9500000000000001E+00   0.1260073510508901E+01
   0.9533333333333334E+00   0.1335549870687717E+01
   0.9566666666666668E+00   0.1386312789991515E+01
   0.9600000000000001E+00   0.1411422935063497E+01
   0.9633333333333334E+00   0.1410415659721441E+01
   0.9666666666666667E+00   0.1383309602953157E+01
   0.9700000000000001E+00   0.1330606343966660E+01
   0.9733333333333334E+00   0.1253281120725549E+01
   0.9766666666666667E+00   0.1152764783797111E+01
   0.9800000000000001E+00   0.1030917319481306E+01
   0.9833333333333334E+00   0.8899934321115170E+00
   0.9866666666666667E+00   0.7326008223113865E+00
   0.9900000000000001E+00   0.5616519331968612E+00
   0.9933333333333334E+00   0.3803100575170331E+00
   0.9966666666666667E+00   0.1919308031552889E+00
   0.1000000000000000E+01   0.3683815902804276E-16
