   0.0000000000000000E+00   0.0000000000000000E+00
   0.3333333333333334E-02   0.1035744516615964E+00
   0.6666666666666667E-02   0.2065926002254466E+00
   0.1000000000000000E-01   0.3085011305229735E+00
   0.1333333333333333E-01   0.4087526871958602E+00
   0.1666666666666667E-01   0.5068088145666708E+00
   0.2000000000000000E-01   0.6021428487088104E+00
   0.2333333333333333E-01   0.6942427461822274E+00
   0.2666666666666667E-01   0.7826138342424197E+00
   0.3000000000000000E-01   0.8667814677499954E+00
   0.3333333333333333E-01   0.9462935785114563E+00
   0.3666666666666667E-01   0.1020723103358024E+01
   0.4000000000000000E-01   0.1089670277921388E+01
   0.4333333333333333E-01   0.1152764783786357E+01
   0.4666666666666667E-01   0.1209667737487938E+01
   0.5000000000000000E-01   0.1260073510669838E+01
   0.5333333333333334E-01   0.1303711371628258E+01
   0.5666666666666667E-01   0.1340346939424197E+01
   0.6000000000000000E-01   0.1369783442754188E+01
   0.6333333333333334E-01   0.1391862776817969E+01
   0.6666666666666667E-01   0.1406466352506582E+01
   0.7000000000000001E-01   0.1413515733349851E+01
   0.7333333333333333E-01   0.1412973056802187E+01
   0.7666666666666667E-01   0.1404841237604024E+01
   0.8000000000000000E-01   0.1389163952126636E+01
   0.8333333333333334E-01   0.1366025403784405E+01
   0.8666666666666667E-01   0.1335549870774478E+01
   0.9000000000000001E-01   0.1297901038572884E+01
   0.9333333333333334E-01   0.1253281120772356E+01
   0.9666666666666668E-01   0.1201929772983874E+01
   0.1000000000000000E+00   0.1144122805635481E+01
   0.1033333333333333E+00   0.1080170702581944E+01
   0.1066666666666667E+00   0.1010416953481862E+01
   0.1100000000000000E+00   0.9352362088990457E+00
   0.1133333333333333E+00   0.8550322680372476E+00
   0.1166666666666667E+00   0.7702359099162160E+00
   0.1200000000000000E+00   0.6813025796379529E+00
   0.1233333333333333E+00   0.5887099421703571E+00
   0.1266666666666667E+00   0.4929553167869489E+00
   0.1300000000000000E+00   0.3945530059424081E+00
   0.1333333333333333E+00   0.2940315329306432E+00
   0.1366666666666667E+00   0.1919308031620804E+00
   0.1400000000000000E+00   0.8879920430710152E-01
   0.1433333333333333E+00  -0.1480933911911254E-01
   0.1466666666666667E+00  -0.1183383409103601E+00
   0.1500000000000000E+00  -0.2212317420821652E+00
   0.1533333333333333E+00  -0.3229368974899057E+00
   0.1566666666666667E+00  -0.4229075441110807E+00
   0.1600000000000000E+00  -0.5206067350489053E+00
   0.1633333333333333E+00  -0.6155097234985646E+00
   0.1666666666666667E+00  -0.7071067811861949E+00
   0.1700000000000000E+00  -0.7949059361426314E+00
   0.1733333333333333E+00  -0.8784356151072500E+00
   0.1766666666666667E+00  -0.9572471763694291E+00
   0.1800000000000000E+00  -0.1030917319443646E+01
   0.1833333333333333E+00  -0.1099050358635691E+01
   0.1866666666666667E+00  -0.1161280348288565E+01
   0.1900000000000000E+00  -0.1217273048293237E+01
   0.1933333333333334E+00  -0.1266727719307462E+01
   0.1966666666666667E+00  -0.1309378738040476E+01
   0.2000000000000000E+00  -0.1344997023927821E+01
   0.2033333333333333E+00  -0.1373391269533529E+01
   0.2066666666666667E+00  -0.1394408968071096E+01
   0.2100000000000000E+00  -0.1407937232524344E+01
   0.2133333333333333E+00  -0.1413903401968687E+01
   0.2166666666666667E+00  -0.1412275431836248E+01
   0.2200000000000000E+00  -0.1403062066028715E+01
   0.2233333333333334E+00  -0.1386312789953492E+01
   0.2266666666666667E+00  -0.1362117564735347E+01
   0.2300000000000000E+00  -0.1330606344031092E+01
   0.2333333333333333E+00  -0.1291948376042531E+01
   0.2366666666666667E+00  -0.1246351294476629E+01
   0.2400000000000000E+00  -0.1194060003335433E+01
   0.2433333333333333E+00  -0.1135355361525553E+01
   0.2466666666666667E+00  -0.1070552674352216E+01
   0.2500000000000000E+00  -0.1000000000000102E+01
   0.2533333333333334E+00  -0.9240762800969402E+00
   0.2566666666666667E+00  -0.8431893044007390E+00
   0.2600000000000000E+00  -0.7577735205424230E+00
   0.2633333333333334E+00  -0.6682877005878397E+00
   0.2666666666666667E+00  -0.5752124769521362E+00
   0.2700000000000000E+00  -0.4790477609011543E+00
   0.2733333333333334E+00  -0.3803100575052445E+00
   0.2766666666666667E+00  -0.2795296914669728E+00
   0.2800000000000000E+00  -0.1772479587229713E+00
   0.2833333333333333E+00  -0.7401421911882762E-01
   0.2866666666666667E+00   0.2961705422766070E-01
   0.2900000000000000E+00   0.1330892530268307E+00
   0.2933333333333333E+00   0.2358466233856371E+00
   0.2966666666666667E+00   0.3373372507871499E+00
   0.3000000000000000E+00   0.4370160244485763E+00
   0.3033333333333333E+00   0.5343475651361197E+00
   0.3066666666666667E+00   0.6288091007112243E+00
   0.3100000000000000E+00   0.7198932739635078E+00
   0.3133333333333334E+00   0.8071108676494423E+00
   0.3166666666666667E+00   0.8899934321004498E+00
   0.3200000000000000E+00   0.9680958012874422E+00
   0.3233333333333334E+00   0.1040998483827874E+01
   0.3266666666666667E+00   0.1108309916093054E+01
   0.3300000000000000E+00   0.1169668565314217E+01
   0.3333333333333334E+00   0.1224744871391447E+01
   0.3366666666666667E+00   0.1273243016975984E+01
   0.3400000000000000E+00   0.1314902516318708E+01
   0.3433333333333334E+00   0.1349499614351003E+01
   0.3466666666666667E+00   0.1376848488483430E+01
   0.3500000000000000E+00   0.1396802246667301E+01
   0.3533333333333333E+00   0.1409253716358515E+01
   0.3566666666666667E+00   0.1414136020146156E+01
   0.3600000000000000E+00   0.1411422934954137E+01
   0.3633333333333333E+00   0.1401129032886584E+01
   0.3666666666666667E+00   0.1383309602960423E+01
   0.3700000000000001E+00   0.1358060354145529E+01
   0.3733333333333334E+00   0.1325516901307449E+01
   0.3766666666666667E+00   0.1285854036813747E+01
   0.3800000000000000E+00   0.1239284791716264E+01
   0.3833333333333334E+00   0.1186059291551663E+01
   0.3866666666666667E+00   0.1126463412905818E+01
   0.3900000000000000E+00   0.1060817247957631E+01
   0.3933333333333334E+00   0.9894733852493260E+00
   0.3966666666666667E+00   0.9128150159172995E+00
   0.4000000000000000E+00   0.8312538755550707E+00
   0.4033333333333334E+00   0.7452280327626908E+00
   0.4066666666666667E+00   0.6551995362603623E+00
   0.4100000000000000E+00   0.5616519332037164E+00
   0.4133333333333334E+00   0.4650876720299982E+00
   0.4166666666666667E+00   0.3660254037845944E+00
   0.4200000000000000E+00   0.2649971964226272E+00
   0.4233333333333333E+00   0.1625456770477568E+00
   0.4266666666666667E+00   0.5922111743730026E-01
   0.4300000000000000E+00  -0.4442152149252365E-01
   0.4333333333333333E+00  -0.1478255704069623E+00
   0.4366666666666667E+00  -0.2504356414491076E+00
   0.4400000000000000E+00  -0.3517006112533820E+00
   0.4433333333333334E+00  -0.4510765810542600E+00
   0.4466666666666667E+00  -0.5480297979912855E+00
   0.4500000000000000E+00  -0.6420395219199814E+00
   0.4533333333333334E+00  -0.7326008223308738E+00
   0.4566666666666667E+00  -0.8192272903542559E+00
   0.4600000000000000E+00  -0.9014536512844167E+00
   0.4633333333333334E+00  -0.9788382635913082E+00
   0.4666666666666667E+00  -0.1050965490997308E+01
   0.4700000000000000E+00  -0.1117447934878583E+01
   0.4733333333333334E+00  -0.1177928515000700E+01
   0.4766666666666667E+00  -0.1232082387412835E+01
   0.4800000000000000E+00  -0.1279618689199453E+01
   0.4833333333333333E+00  -0.1320282100718317E+01
   0.4866666666666667E+00  -0.1353854216933929E+01
   0.4900000000000000E+00  -0.1380154720480894E+01
   0.4933333333333333E+00  -0.1399042350156662E+01
   0.4966666666666667E+00  -0.1410415659641864E+01
   0.5000000000000000E+00  -0.1414213562373140E+01
   0.5033333333333334E+00  -0.1410415659641897E+01
   0.5066666666666667E+00  -0.1399042350156730E+01
   0.5100000000000000E+00  -0.1380154720480996E+01
   0.5133333333333334E+00  -0.1353854216934063E+01
   0.5166666666666667E+00  -0.1320282100718484E+01
   0.5200000000000000E+00  -0.1279618689199650E+01
   0.5233333333333333E+00  -0.1232082387413062E+01
   0.5266666666666667E+00  -0.1177928515000953E+01
   0.5300000000000000E+00  -0.1117447934878861E+01
   0.5333333333333333E+00  -0.1050965490997608E+01
   0.5366666666666667E+00  -0.9788382635916244E+00
   0.5400000000000000E+00  -0.9014536512847493E+00
   0.5433333333333333E+00  -0.8192272903546000E+00
   0.5466666666666667E+00  -0.7326008223312258E+00
   0.5500000000000000E+00  -0.6420395219203414E+00
   0.5533333333333333E+00  -0.5480297979916497E+00
   0.5566666666666668E+00  -0.4510765810546251E+00
   0.5600000000000001E+00  -0.3517006112537502E+00
   0.5633333333333334E+00  -0.2504356414494749E+00
   0.5666666666666667E+00  -0.1478255704073292E+00
   0.5700000000000001E+00  -0.4442152149288336E-01
   0.5733333333333334E+00   0.5922111743694439E-01
   0.5766666666666667E+00   0.1625456770474069E+00
   0.5800000000000001E+00   0.2649971964222903E+00
   0.5833333333333334E+00   0.3660254037842677E+00
   0.5866666666666667E+00   0.4650876720296860E+00
   0.5900000000000001E+00   0.5616519332034220E+00
   0.5933333333333334E+00   0.6551995362600853E+00
   0.5966666666666667E+00   0.7452280327624341E+00
   0.6000000000000001E+00   0.8312538755548382E+00
   0.6033333333333334E+00   0.9128150159170895E+00
   0.6066666666666667E+00   0.9894733852491413E+00
   0.6100000000000000E+00   0.1060817247957472E+01
   0.6133333333333334E+00   0.1126463412905689E+01
   0.6166666666666667E+00   0.1186059291551562E+01
   0.6200000000000000E+00   0.1239284791716192E+01
   0.6233333333333334E+00   0.1285854036813707E+01
   0.6266666666666667E+00   0.1325516901307439E+01
   0.6300000000000000E+00   0.1358060354145552E+01
   0.6333333333333334E+00   0.1383309602960477E+01
   0.6366666666666667E+00   0.1401129032886670E+01
   0.6400000000000000E+00   0.1411422934954252E+01
   0.6433333333333334E+00   0.1414136020146301E+01
   0.6466666666666667E+00   0.1409253716358691E+01
   0.6500000000000000E+00   0.1396802246667506E+01
   0.6533333333333333E+00   0.1376848488483664E+01
   0.6566666666666667E+00   0.1349499614351265E+01
   0.6600000000000000E+00   0.1314902516319001E+01
   0.6633333333333333E+00   0.1273243016976306E+01
   0.6666666666666667E+00   0.1224744871391797E+01
   0.6700000000000000E+00   0.1169668565314596E+01
   0.6733333333333333E+00   0.1108309916093461E+01
   0.6766666666666667E+00   0.1040998483828303E+01
   0.6800000000000000E+00   0.9680958012878950E+00
   0.6833333333333333E+00   0.8899934321009222E+00
   0.6866666666666668E+00   0.8071108676499297E+00
   0.6900000000000001E+00   0.7198932739640095E+00
   0.6933333333333334E+00   0.6288091007117355E+00
   0.6966666666666667E+00   0.5343475651366381E+00
   0.7000000000000001E+00   0.4370160244490936E+00
   0.7033333333333334E+00   0.3373372507876668E+00
   0.7066666666666667E+00   0.2358466233861510E+00
   0.7100000000000001E+00   0.1330892530273331E+00
   0.7133333333333334E+00   0.2961705422815356E-01
   0.7166666666666667E+00  -0.7401421911834727E-01
   0.7200000000000001E+00  -0.1772479587225116E+00
   0.7233333333333334E+00  -0.2795296914665311E+00
   0.7266666666666667E+00  -0.3803100575048246E+00
   0.7300000000000001E+00  -0.4790477609007600E+00
   0.7333333333333334E+00  -0.5752124769517656E+00
   0.7366666666666667E+00  -0.6682877005874965E+00
   0.7400000000000001E+00  -0.7577735205421091E+00
   0.7433333333333334E+00  -0.8431893044004543E+00
   0.7466666666666667E+00  -0.9240762800966839E+00
   0.7500000000000000E+00  -0.9999999999998755E+00
   0.7533333333333334E+00  -0.1070552674352022E+01
   0.7566666666666667E+00  -0.1135355361525391E+01
   0.7600000000000000E+00  -0.1194060003335303E+01
   0.7633333333333334E+00  -0.1246351294476535E+01
   0.7666666666666667E+00  -0.1291948376042470E+01
   0.7700000000000000E+00  -0.1330606344031065E+01
   0.7733333333333334E+00  -0.1362117564735357E+01
   0.7766666666666667E+00  -0.1386312789953537E+01
   0.7800000000000000E+00  -0.1403062066028795E+01
   0.7833333333333334E+00  -0.1412275431836363E+01
   0.7866666666666667E+00  -0.1413903401968836E+01
   0.7900000000000000E+00  -0.1407937232524528E+01
   0.7933333333333333E+00  -0.1394408968071314E+01
   0.7966666666666667E+00  -0.1373391269533779E+01
   0.8000000000000000E+00  -0.1344997023928100E+01
   0.8033333333333333E+00  -0.1309378738040784E+01
   0.8066666666666668E+00  -0.1266727719307797E+01
   0.8100000000000001E+00  -0.1217273048293597E+01
   0.8133333333333334E+00  -0.1161280348288946E+01
   0.8166666666666668E+00  -0.1099050358636090E+01
   0.8200000000000001E+00  -0.1030917319444060E+01
   0.8233333333333334E+00  -0.9572471763698563E+00
   0.8266666666666668E+00  -0.8784356151076845E+00
   0.8300000000000001E+00  -0.7949059361430735E+00
   0.8333333333333334E+00  -0.7071067811866417E+00
   0.8366666666666667E+00  -0.6155097234990158E+00
   0.8400000000000001E+00  -0.5206067350493543E+00
   0.8433333333333334E+00  -0.4229075441115291E+00
   0.8466666666666667E+00  -0.3229368974903512E+00
   0.8500000000000001E+00  -0.2212317420826017E+00
   0.8533333333333334E+00  -0.1183383409107889E+00
   0.8566666666666667E+00  -0.1480933911952906E-01
   0.8600000000000001E+00   0.8879920430670400E-01
   0.8633333333333334E+00   0.1919308031617022E+00
   0.8666666666666667E+00   0.2940315329302865E+00
   0.8700000000000001E+00   0.3945530059420800E+00
   0.8733333333333334E+00   0.4929553167866481E+00
   0.8766666666666667E+00   0.5887099421700847E+00
   0.8800000000000000E+00   0.6813025796377095E+00
   0.8833333333333334E+00   0.7702359099160048E+00
   0.8866666666666667E+00   0.8550322680370660E+00
   0.8900000000000000E+00   0.9352362088988931E+00
   0.8933333333333334E+00   0.1010416953481742E+01
   0.8966666666666667E+00   0.1080170702581856E+01
   0.9000000000000000E+00   0.1144122805635425E+01
   0.9033333333333334E+00   0.1201929772983856E+01
   0.9066666666666667E+00   0.1253281120772375E+01
   0.9100000000000000E+00   0.1297901038572941E+01
   0.9133333333333334E+00   0.1335549870774573E+01
   0.9166666666666667E+00   0.1366025403784535E+01
   0.9200000000000000E+00   0.1389163952126796E+01
   0.9233333333333333E+00   0.1404841237604209E+01
   0.9266666666666667E+00   0.1412973056802392E+01
   0.9300000000000000E+00   0.1413515733350070E+01
   0.9333333333333333E+00   0.1406466352506811E+01
   0.9366666666666668E+00   0.1391862776818206E+01
   0.9400000000000001E+00   0.1369783442754435E+01
   0.9433333333333334E+00   0.1340346939424455E+01
   0.9466666666666668E+00   0.1303711371628527E+01
   0.9500000000000001E+00   0.1260073510670119E+01
   0.9533333333333334E+00   0.1209667737488226E+01
   0.9566666666666668E+00   0.1152764783786643E+01
   0.9600000000000001E+00   0.1089670277921664E+01
   0.9633333333333334E+00   0.1020723103358283E+01
   0.9666666666666667E+00   0.9462935785116949E+00
   0.9700000000000001E+00   0.8667814677502157E+00
   0.9733333333333334E+00   0.7826138342426310E+00
   0.9766666666666667E+00   0.6942427461824324E+00
   0.9800000000000001E+00   0.6021428487089707E+00
   0.9833333333333334E+00   0.5068088145668251E+00
   0.9866666666666667E+00   0.4087526871959518E+00
   0.9900000000000001E+00   0.3085011305230308E+00
   0.9933333333333334E+00   0.2065926002255124E+00
   0.9966666666666667E+00   0.1035744516616532E+00
   0.1000000000000000E+01   0.7050806919680218E-16
