   0.0000000000000000E+00   0.0000000000000000E+00
   0.3333333333333334E-02  -0.2065926002020992E+00
   0.6666666666666667E-02  -0.4087526872343303E+00
   0.1000000000000000E-01  -0.6021428486966934E+00
   0.1333333333333333E-01  -0.7826138341797590E+00
   0.1666666666666667E-01  -0.9462935785282031E+00
   0.2000000000000000E-01  -0.1089670278026475E+01
   0.2333333333333333E-01  -0.1209667737537718E+01
   0.2666666666666667E-01  -0.1303711371520254E+01
   0.3000000000000000E-01  -0.1369783442573453E+01
   0.3333333333333333E-01  -0.1406466352454029E+01
   0.3666666666666667E-01  -0.1412973056983655E+01
   0.4000000000000000E-01  -0.1389163952421461E+01
   0.4333333333333333E-01  -0.1335549870920523E+01
   0.4666666666666667E-01  -0.1253281120596849E+01
   0.5000000000000000E-01  -0.1144122805224618E+01
   0.5333333333333334E-01  -0.1010416953135563E+01
   0.5666666666666667E-01  -0.8550322680409338E+00
   0.6000000000000000E-01  -0.6813025800346330E+00
   0.6333333333333334E-01  -0.4929553173286659E+00
   0.6666666666666667E-01  -0.2940315332461781E+00
   0.7000000000000001E-01  -0.8879920416308930E-01
   0.7333333333333333E-01   0.1183383414400601E+00
   0.7666666666666667E-01   0.3229368980650297E+00
   0.8000000000000000E-01   0.5206067352895972E+00
   0.8333333333333334E-01   0.7071067809347414E+00
   0.8666666666666667E-01   0.8784356145426274E+00
   0.9000000000000001E-01   0.1030917318959353E+01
   0.9333333333333334E-01   0.1161280348210767E+01
   0.9666666666666668E-01   0.1266727719656911E+01
   0.1000000000000000E+00   0.1344997024409720E+01
   0.1033333333333333E+00   0.1394408968307887E+01
   0.1066666666666667E+00   0.1413903401796274E+01
   0.1100000000000000E+00   0.1403062065619633E+01
   0.1133333333333333E+00   0.1362117564450137E+01
   0.1166666666666667E+00   0.1291948376132777E+01
   0.1200000000000000E+00   0.1194060003740898E+01
   0.1233333333333333E+00   0.1070552674751720E+01
   0.1266666666666667E+00   0.9240762801640720E+00
   0.1300000000000000E+00   0.7577735201994243E+00
   0.1333333333333333E+00   0.5752124764292086E+00
   0.1366666666666667E+00   0.3803100571702131E+00
   0.1400000000000000E+00   0.1772479588148468E+00
   0.1433333333333333E+00  -0.2961705376867246E-01
   0.1466666666666667E+00  -0.2358466228757252E+00
   0.1500000000000000E+00  -0.4370160242377601E+00
   0.1533333333333333E+00  -0.6288091009350638E+00
   0.1566666666666667E+00  -0.8071108681302823E+00
   0.1600000000000000E+00  -0.9680958016622770E+00
   0.1633333333333333E+00  -0.1108309916083729E+01
   0.1666666666666667E+00  -0.1224744871018604E+01
   0.1700000000000000E+00  -0.1314902515889552E+01
   0.1733333333333333E+00  -0.1376848488352034E+01
   0.1766666666666667E+00  -0.1409253716642199E+01
   0.1800000000000000E+00  -0.1411422935434675E+01
   0.1833333333333333E+00  -0.1383309603254651E+01
   0.1866666666666667E+00  -0.1325516901171825E+01
   0.1900000000000000E+00  -0.1239284791240013E+01
   0.1933333333333334E+00  -0.1126463412440607E+01
   0.1966666666666667E+00  -0.9894733851376427E+00
   0.2000000000000000E+00  -0.8312538758738885E+00
   0.2033333333333333E+00  -0.6551995367723121E+00
   0.2066666666666667E+00  -0.4650876723664378E+00
   0.2100000000000000E+00  -0.2649971963529429E+00
   0.2133333333333333E+00  -0.5922111702884985E-01
   0.2166666666666667E+00   0.1478255708451083E+00
   0.2200000000000000E+00   0.3517006113969758E+00
   0.2233333333333334E+00   0.5480297977372114E+00
   0.2266666666666667E+00   0.7326008218754168E+00
   0.2300000000000000E+00   0.9014536509816179E+00
   0.2333333333333333E+00   0.1050965491092383E+01
   0.2366666666666667E+00   0.1177928515434923E+01
   0.2400000000000000E+00   0.1279618689643523E+01
   0.2433333333333333E+00   0.1353854217037473E+01
   0.2466666666666667E+00   0.1399042349825386E+01
   0.2500000000000000E+00   0.1414213561850811E+01
   0.2533333333333334E+00   0.1399042349839304E+01
   0.2566666666666667E+00   0.1353854217061012E+01
   0.2600000000000000E+00   0.1279618689669376E+01
   0.2633333333333334E+00   0.1177928515454972E+01
   0.2666666666666667E+00   0.1050965491100169E+01
   0.2700000000000000E+00   0.9014536509743383E+00
   0.2733333333333334E+00   0.7326008218548791E+00
   0.2766666666666667E+00   0.5480297977094108E+00
   0.2800000000000000E+00   0.3517006113703884E+00
   0.2833333333333333E+00   0.1478255708281999E+00
   0.2866666666666667E+00  -0.5922111703022154E-01
   0.2900000000000000E+00  -0.2649971963374247E+00
   0.2933333333333333E+00  -0.4650876723378081E+00
   0.2966666666666667E+00  -0.6551995367386000E+00
   0.3000000000000000E+00  -0.8312538758451535E+00
   0.3033333333333333E+00  -0.9894733851230316E+00
   0.3066666666666667E+00  -0.1126463412445532E+01
   0.3100000000000000E+00  -0.1239284791264272E+01
   0.3133333333333334E+00  -0.1325516901209320E+01
   0.3166666666666667E+00  -0.1383309603294840E+01
   0.3200000000000000E+00  -0.1411422935465468E+01
   0.3233333333333334E+00  -0.1409253716653508E+01
   0.3266666666666667E+00  -0.1376848488338968E+01
   0.3300000000000000E+00  -0.1314902515854269E+01
   0.3333333333333334E+00  -0.1224744870970182E+01
   0.3366666666666667E+00  -0.1108309916035930E+01
   0.3400000000000000E+00  -0.9680958016297282E+00
   0.3433333333333334E+00  -0.8071108681241005E+00
   0.3466666666666667E+00  -0.6288091009591965E+00
   0.3500000000000000E+00  -0.4370160242871940E+00
   0.3533333333333333E+00  -0.2358466229373051E+00
   0.3566666666666667E+00  -0.2961705382444825E-01
   0.3600000000000000E+00   0.1772479587824770E+00
   0.3633333333333333E+00   0.3803100571730276E+00
   0.3666666666666667E+00   0.5752124764690016E+00
   0.3700000000000001E+00   0.7577735202665605E+00
   0.3733333333333334E+00   0.9240762802394912E+00
   0.3766666666666667E+00   0.1070552674812123E+01
   0.3800000000000000E+00   0.1194060003765776E+01
   0.3833333333333334E+00   0.1291948376111286E+01
   0.3866666666666667E+00   0.1362117564385543E+01
   0.3900000000000000E+00   0.1403062065529651E+01
   0.3933333333333334E+00   0.1413903401708667E+01
   0.3966666666666667E+00   0.1394408968252218E+01
   0.4000000000000000E+00   0.1344997024407527E+01
   0.4033333333333334E+00   0.1266727719713416E+01
   0.4066666666666667E+00   0.1161280348311209E+01
   0.4100000000000000E+00   0.1030917319071852E+01
   0.4133333333333334E+00   0.8784356146275888E+00
   0.4166666666666667E+00   0.7071067809583863E+00
   0.4200000000000000E+00   0.5206067352373418E+00
   0.4233333333333333E+00   0.3229368979496944E+00
   0.4266666666666667E+00   0.1183383413007883E+00
   0.4300000000000000E+00  -0.8879920427251782E-01
   0.4333333333333333E+00  -0.2940315332770986E+00
   0.4366666666666667E+00  -0.4929553172589165E+00
   0.4400000000000000E+00  -0.6813025798828342E+00
   0.4433333333333334E+00  -0.8550322678657607E+00
   0.4466666666666667E+00  -0.1010416953016417E+01
   0.4500000000000000E+00  -0.1144122805227727E+01
   0.4533333333333334E+00  -0.1253281120739095E+01
   0.4566666666666667E+00  -0.1335549871148745E+01
   0.4600000000000000E+00  -0.1389163952623518E+01
   0.4633333333333334E+00  -0.1412973057036647E+01
   0.4666666666666667E+00  -0.1406466352295754E+01
   0.4700000000000000E+00  -0.1369783442261862E+01
   0.4733333333333334E+00  -0.1303711371234790E+01
   0.4766666666666667E+00  -0.1209667737491960E+01
   0.4800000000000000E+00  -0.1089670278312316E+01
   0.4833333333333333E+00  -0.9462935789869048E+00
   0.4866666666666667E+00  -0.7826138344455530E+00
   0.4900000000000000E+00  -0.6021428484952280E+00
   0.4933333333333333E+00  -0.4087526867320625E+00
   0.4966666666666667E+00  -0.2065925998579976E+00
   0.5000000000000000E+00  -0.1009853632069144E-12
   0.5033333333333334E+00   0.2065925998578046E+00
   0.5066666666666667E+00   0.4087526867318719E+00
   0.5100000000000000E+00   0.6021428484950467E+00
   0.5133333333333334E+00   0.7826138344453880E+00
   0.5166666666666667E+00   0.9462935789867548E+00
   0.5200000000000000E+00   0.1089670278312187E+01
   0.5233333333333333E+00   0.1209667737491853E+01
   0.5266666666666667E+00   0.1303711371234712E+01
   0.5300000000000000E+00   0.1369783442261810E+01
   0.5333333333333333E+00   0.1406466352295730E+01
   0.5366666666666667E+00   0.1412973057036651E+01
   0.5400000000000000E+00   0.1389163952623548E+01
   0.5433333333333333E+00   0.1335549871148798E+01
   0.5466666666666667E+00   0.1253281120739168E+01
   0.5500000000000000E+00   0.1144122805227818E+01
   0.5533333333333333E+00   0.1010416953016523E+01
   0.5566666666666668E+00   0.8550322678658742E+00
   0.5600000000000001E+00   0.6813025798829596E+00
   0.5633333333333334E+00   0.4929553172590475E+00
   0.5666666666666667E+00   0.2940315332772369E+00
   0.5700000000000001E+00   0.8879920427265101E-01
   0.5733333333333334E+00  -0.1183383413006522E+00
   0.5766666666666667E+00  -0.3229368979495573E+00
   0.5800000000000001E+00  -0.5206067352372157E+00
   0.5833333333333334E+00  -0.7071067809582634E+00
   0.5866666666666667E+00  -0.8784356146274755E+00
   0.5900000000000001E+00  -0.1030917319071752E+01
   0.5933333333333334E+00  -0.1161280348311121E+01
   0.5966666666666667E+00  -0.1266727719713346E+01
   0.6000000000000001E+00  -0.1344997024407479E+01
   0.6033333333333334E+00  -0.1394408968252192E+01
   0.6066666666666667E+00  -0.1413903401708667E+01
   0.6100000000000000E+00  -0.1403062065529679E+01
   0.6133333333333334E+00  -0.1362117564385599E+01
   0.6166666666666667E+00  -0.1291948376111373E+01
   0.6200000000000000E+00  -0.1194060003765895E+01
   0.6233333333333334E+00  -0.1070552674812266E+01
   0.6266666666666667E+00  -0.9240762802396622E+00
   0.6300000000000000E+00  -0.7577735202667526E+00
   0.6333333333333334E+00  -0.5752124764692057E+00
   0.6366666666666667E+00  -0.3803100571732437E+00
   0.6400000000000000E+00  -0.1772479587826953E+00
   0.6433333333333334E+00   0.2961705382423768E-01
   0.6466666666666667E+00   0.2358466229371023E+00
   0.6500000000000000E+00   0.4370160242870079E+00
   0.6533333333333333E+00   0.6288091009590291E+00
   0.6566666666666667E+00   0.8071108681239648E+00
   0.6600000000000000E+00   0.9680958016296173E+00
   0.6633333333333333E+00   0.1108309916035847E+01
   0.6666666666666667E+00   0.1224744870970133E+01
   0.6700000000000000E+00   0.1314902515854250E+01
   0.6733333333333333E+00   0.1376848488338980E+01
   0.6766666666666667E+00   0.1409253716653553E+01
   0.6800000000000000E+00   0.1411422935465544E+01
   0.6833333333333333E+00   0.1383309603294946E+01
   0.6866666666666668E+00   0.1325516901209454E+01
   0.6900000000000001E+00   0.1239284791264434E+01
   0.6933333333333334E+00   0.1126463412445718E+01
   0.6966666666666667E+00   0.9894733851232397E+00
   0.7000000000000001E+00   0.8312538758453709E+00
   0.7033333333333334E+00   0.6551995367388286E+00
   0.7066666666666667E+00   0.4650876723380434E+00
   0.7100000000000001E+00   0.2649971963376512E+00
   0.7133333333333334E+00   0.5922111703044374E-01
   0.7166666666666667E+00  -0.1478255708279863E+00
   0.7200000000000001E+00  -0.3517006113701985E+00
   0.7233333333333334E+00  -0.5480297977092373E+00
   0.7266666666666667E+00  -0.7326008218547284E+00
   0.7300000000000001E+00  -0.9014536509742153E+00
   0.7333333333333334E+00  -0.1050965491100071E+01
   0.7366666666666667E+00  -0.1177928515454903E+01
   0.7400000000000001E+00  -0.1279618689669339E+01
   0.7433333333333334E+00  -0.1353854217061004E+01
   0.7466666666666667E+00  -0.1399042349839325E+01
   0.7500000000000000E+00  -0.1414213561850861E+01
   0.7533333333333334E+00  -0.1399042349825462E+01
   0.7566666666666667E+00  -0.1353854217037573E+01
   0.7600000000000000E+00  -0.1279618689643644E+01
   0.7633333333333334E+00  -0.1177928515435060E+01
   0.7666666666666667E+00  -0.1050965491092538E+01
   0.7700000000000000E+00  -0.9014536509817872E+00
   0.7733333333333334E+00  -0.7326008218755928E+00
   0.7766666666666667E+00  -0.5480297977373989E+00
   0.7800000000000000E+00  -0.3517006113971738E+00
   0.7833333333333334E+00  -0.1478255708453058E+00
   0.7866666666666667E+00   0.5922111702864915E-01
   0.7900000000000000E+00   0.2649971963527438E+00
   0.7933333333333333E+00   0.4650876723662458E+00
   0.7966666666666667E+00   0.6551995367721385E+00
   0.8000000000000000E+00   0.8312538758737336E+00
   0.8033333333333333E+00   0.9894733851375127E+00
   0.8066666666666668E+00   0.1126463412440511E+01
   0.8100000000000001E+00   0.1239284791239948E+01
   0.8133333333333334E+00   0.1325516901171794E+01
   0.8166666666666668E+00   0.1383309603254656E+01
   0.8200000000000001E+00   0.1411422935434714E+01
   0.8233333333333334E+00   0.1409253716642268E+01
   0.8266666666666668E+00   0.1376848488352132E+01
   0.8300000000000001E+00   0.1314902515889677E+01
   0.8333333333333334E+00   0.1224744871018758E+01
   0.8366666666666667E+00   0.1108309916083910E+01
   0.8400000000000001E+00   0.9680958016624772E+00
   0.8433333333333334E+00   0.8071108681305029E+00
   0.8466666666666667E+00   0.6288091009353008E+00
   0.8500000000000001E+00   0.4370160242380005E+00
   0.8533333333333334E+00   0.2358466228759697E+00
   0.8566666666666667E+00   0.2961705376891125E-01
   0.8600000000000001E+00  -0.1772479588146271E+00
   0.8633333333333334E+00  -0.3803100571700117E+00
   0.8666666666666667E+00  -0.5752124764290270E+00
   0.8700000000000001E+00  -0.7577735201992705E+00
   0.8733333333333334E+00  -0.9240762801639376E+00
   0.8766666666666667E+00  -0.1070552674751601E+01
   0.8800000000000000E+00  -0.1194060003740791E+01
   0.8833333333333334E+00  -0.1291948376132684E+01
   0.8866666666666667E+00  -0.1362117564450052E+01
   0.8900000000000000E+00  -0.1403062065619557E+01
   0.8933333333333334E+00  -0.1413903401796213E+01
   0.8966666666666667E+00  -0.1394408968307842E+01
   0.9000000000000000E+00  -0.1344997024409697E+01
   0.9033333333333334E+00  -0.1266727719656907E+01
   0.9066666666666667E+00  -0.1161280348210783E+01
   0.9100000000000000E+00  -0.1030917318959385E+01
   0.9133333333333334E+00  -0.8784356145426644E+00
   0.9166666666666667E+00  -0.7071067809347823E+00
   0.9200000000000000E+00  -0.5206067352896394E+00
   0.9233333333333333E+00  -0.3229368980650729E+00
   0.9266666666666667E+00  -0.1183383414401034E+00
   0.9300000000000000E+00   0.8879920416303257E-01
   0.9333333333333333E+00   0.2940315332460994E+00
   0.9366666666666668E+00   0.4929553173285678E+00
   0.9400000000000001E+00   0.6813025800345084E+00
   0.9433333333333334E+00   0.8550322680407889E+00
   0.9466666666666668E+00   0.1010416953135413E+01
   0.9500000000000001E+00   0.1144122805224467E+01
   0.9533333333333334E+00   0.1253281120596705E+01
   0.9566666666666668E+00   0.1335549870920388E+01
   0.9600000000000001E+00   0.1389163952421323E+01
   0.9633333333333334E+00   0.1412973056983511E+01
   0.9666666666666667E+00   0.1406466352453878E+01
   0.9700000000000001E+00   0.1369783442573305E+01
   0.9733333333333334E+00   0.1303711371520131E+01
   0.9766666666666667E+00   0.1209667737537632E+01
   0.9800000000000001E+00   0.1089670278026365E+01
   0.9833333333333334E+00   0.9462935785281551E+00
   0.9866666666666667E+00   0.7826138341796607E+00
   0.9900000000000001E+00   0.6021428486965881E+00
   0.9933333333333334E+00   0.4087526872342915E+00
   0.9966666666666667E+00   0.2065926002021210E+00
   0.1000000000000000E+01   0.1742932573308291E-16
