   0.0000000000000000E+00   0.0000000000000000E+00
   0.3333333333333334E-02   0.7401421911850452E-01
   0.6666666666666667E-02   0.1478255704071119E+00
   0.1000000000000000E-01   0.2212317420824735E+00
   0.1333333333333333E-01   0.2940315329303843E+00
   0.1666666666666667E-01   0.3660254037843964E+00
   0.2000000000000000E-01   0.4370160244487964E+00
   0.2333333333333333E-01   0.5068088145667677E+00
   0.2666666666666667E-01   0.5752124769518788E+00
   0.3000000000000000E-01   0.6420395219201845E+00
   0.3333333333333333E-01   0.7071067811865169E+00
   0.3666666666666667E-01   0.7702359099160042E+00
   0.4000000000000000E-01   0.8312538755548585E+00
   0.4333333333333333E-01   0.8899934321005745E+00
   0.4666666666666667E-01   0.9462935785115967E+00
   0.5000000000000000E-01   0.9999999999999833E+00
   0.5333333333333334E-01   0.1050965490997517E+01
   0.5666666666666667E-01   0.1099050358635937E+01
   0.6000000000000000E-01   0.1144122805635384E+01
   0.6333333333333334E-01   0.1186059291551581E+01
   0.6666666666666667E-01   0.1224744871391606E+01
   0.7000000000000001E-01   0.1260073510670121E+01
   0.7333333333333333E-01   0.1291948376042531E+01
   0.7666666666666667E-01   0.1320282100718444E+01
   0.8000000000000000E-01   0.1344997023927972E+01
   0.8333333333333334E-01   0.1366025403784511E+01
   0.8666666666666667E-01   0.1383309602960535E+01
   0.9000000000000001E-01   0.1396802246667513E+01
   0.9333333333333334E-01   0.1406466352506907E+01
   0.9666666666666668E-01   0.1412275431836354E+01
   0.1000000000000000E+00   0.1414213562373200E+01
   0.1033333333333333E+00   0.1412275431836360E+01
   0.1066666666666667E+00   0.1406466352506923E+01
   0.1100000000000000E+00   0.1396802246667547E+01
   0.1133333333333333E+00   0.1383309602960593E+01
   0.1166666666666667E+00   0.1366025403784599E+01
   0.1200000000000000E+00   0.1344997023928094E+01
   0.1233333333333333E+00   0.1320282100718597E+01
   0.1266666666666667E+00   0.1291948376042712E+01
   0.1300000000000000E+00   0.1260073510670321E+01
   0.1333333333333333E+00   0.1224744871391819E+01
   0.1366666666666667E+00   0.1186059291551802E+01
   0.1400000000000000E+00   0.1144122805635614E+01
   0.1433333333333333E+00   0.1099050358636181E+01
   0.1466666666666667E+00   0.1050965490997781E+01
   0.1500000000000000E+00   0.1000000000000275E+01
   0.1533333333333333E+00   0.9462935785119193E+00
   0.1566666666666667E+00   0.8899934321009243E+00
   0.1600000000000000E+00   0.8312538755552260E+00
   0.1633333333333333E+00   0.7702359099163776E+00
   0.1666666666666667E+00   0.7071067811868883E+00
   0.1700000000000000E+00   0.6420395219205539E+00
   0.1733333333333333E+00   0.5752124769522543E+00
   0.1766666666666667E+00   0.5068088145671578E+00
   0.1800000000000000E+00   0.4370160244491809E+00
   0.1833333333333333E+00   0.3660254037848012E+00
   0.1866666666666667E+00   0.2940315329307622E+00
   0.1900000000000000E+00   0.2212317420828422E+00
   0.1933333333333334E+00   0.1478255704075035E+00
   0.1966666666666667E+00   0.7401421911890924E-01
   0.2000000000000000E+00   0.3760733897940303E-12
   0.2033333333333333E+00  -0.7401421911815810E-01
   0.2066666666666667E+00  -0.1478255704067557E+00
   0.2100000000000000E+00  -0.2212317420820979E+00
   0.2133333333333333E+00  -0.2940315329300230E+00
   0.2166666666666667E+00  -0.3660254037840676E+00
   0.2200000000000000E+00  -0.4370160244484531E+00
   0.2233333333333334E+00  -0.5068088145664362E+00
   0.2266666666666667E+00  -0.5752124769515405E+00
   0.2300000000000000E+00  -0.6420395219198500E+00
   0.2333333333333333E+00  -0.7071067811861967E+00
   0.2366666666666667E+00  -0.7702359099157028E+00
   0.2400000000000000E+00  -0.8312538755545705E+00
   0.2433333333333333E+00  -0.8899934321002921E+00
   0.2466666666666667E+00  -0.9462935785113125E+00
   0.2500000000000000E+00  -0.9999999999996944E+00
   0.2533333333333334E+00  -0.1050965490997226E+01
   0.2566666666666667E+00  -0.1099050358635651E+01
   0.2600000000000000E+00  -0.1144122805635106E+01
   0.2633333333333334E+00  -0.1186059291551318E+01
   0.2666666666666667E+00  -0.1224744871391356E+01
   0.2700000000000000E+00  -0.1260073510669883E+01
   0.2733333333333334E+00  -0.1291948376042301E+01
   0.2766666666666667E+00  -0.1320282100718217E+01
   0.2800000000000000E+00  -0.1344997023927748E+01
   0.2833333333333333E+00  -0.1366025403784291E+01
   0.2866666666666667E+00  -0.1383309602960323E+01
   0.2900000000000000E+00  -0.1396802246667313E+01
   0.2933333333333333E+00  -0.1406466352506724E+01
   0.2966666666666667E+00  -0.1412275431836192E+01
   0.3000000000000000E+00  -0.1414213562373058E+01
   0.3033333333333333E+00  -0.1412275431836238E+01
   0.3066666666666667E+00  -0.1406466352506817E+01
   0.3100000000000000E+00  -0.1396802246667452E+01
   0.3133333333333334E+00  -0.1383309602960505E+01
   0.3166666666666667E+00  -0.1366025403784514E+01
   0.3200000000000000E+00  -0.1344997023928012E+01
   0.3233333333333334E+00  -0.1320282100718518E+01
   0.3266666666666667E+00  -0.1291948376042638E+01
   0.3300000000000000E+00  -0.1260073510670255E+01
   0.3333333333333334E+00  -0.1224744871391761E+01
   0.3366666666666667E+00  -0.1186059291551755E+01
   0.3400000000000000E+00  -0.1144122805635574E+01
   0.3433333333333334E+00  -0.1099050358636146E+01
   0.3466666666666667E+00  -0.1050965490997750E+01
   0.3500000000000000E+00  -0.1000000000000244E+01
   0.3533333333333333E+00  -0.9462935785118852E+00
   0.3566666666666667E+00  -0.8899934321008853E+00
   0.3600000000000000E+00  -0.8312538755551823E+00
   0.3633333333333333E+00  -0.7702359099163315E+00
   0.3666666666666667E+00  -0.7071067811868408E+00
   0.3700000000000001E+00  -0.6420395219205070E+00
   0.3733333333333334E+00  -0.5752124769522108E+00
   0.3766666666666667E+00  -0.5068088145671172E+00
   0.3800000000000000E+00  -0.4370160244491453E+00
   0.3833333333333334E+00  -0.3660254037847687E+00
   0.3866666666666667E+00  -0.2940315329307314E+00
   0.3900000000000000E+00  -0.2212317420828130E+00
   0.3933333333333334E+00  -0.1478255704074743E+00
   0.3966666666666667E+00  -0.7401421911887984E-01
   0.4000000000000000E+00  -0.3450861471094944E-12
   0.4033333333333334E+00   0.7401421911819024E-01
   0.4066666666666667E+00   0.1478255704067867E+00
   0.4100000000000000E+00   0.2212317420821286E+00
   0.4133333333333334E+00   0.2940315329300530E+00
   0.4166666666666667E+00   0.3660254037840951E+00
   0.4200000000000000E+00   0.4370160244484793E+00
   0.4233333333333333E+00   0.5068088145664594E+00
   0.4266666666666667E+00   0.5752124769515626E+00
   0.4300000000000000E+00   0.6420395219198705E+00
   0.4333333333333333E+00   0.7071067811862151E+00
   0.4366666666666667E+00   0.7702359099157186E+00
   0.4400000000000000E+00   0.8312538755545831E+00
   0.4433333333333334E+00   0.8899934321003017E+00
   0.4466666666666667E+00   0.9462935785113182E+00
   0.4500000000000000E+00   0.9999999999996950E+00
   0.4533333333333334E+00   0.1050965490997222E+01
   0.4566666666666667E+00   0.1099050358635642E+01
   0.4600000000000000E+00   0.1144122805635095E+01
   0.4633333333333334E+00   0.1186059291551304E+01
   0.4666666666666667E+00   0.1224744871391341E+01
   0.4700000000000000E+00   0.1260073510669869E+01
   0.4733333333333334E+00   0.1291948376042288E+01
   0.4766666666666667E+00   0.1320282100718206E+01
   0.4800000000000000E+00   0.1344997023927740E+01
   0.4833333333333333E+00   0.1366025403784285E+01
   0.4866666666666667E+00   0.1383309602960318E+01
   0.4900000000000000E+00   0.1396802246667309E+01
   0.4933333333333333E+00   0.1406466352506719E+01
   0.4966666666666667E+00   0.1412275431836185E+01
   0.5000000000000000E+00   0.1414213562373049E+01
   0.5033333333333334E+00   0.1412275431836226E+01
   0.5066666666666667E+00   0.1406466352506800E+01
   0.5100000000000000E+00   0.1396802246667432E+01
   0.5133333333333334E+00   0.1383309602960481E+01
   0.5166666666666667E+00   0.1366025403784488E+01
   0.5200000000000000E+00   0.1344997023927983E+01
   0.5233333333333333E+00   0.1320282100718488E+01
   0.5266666666666667E+00   0.1291948376042605E+01
   0.5300000000000000E+00   0.1260073510670222E+01
   0.5333333333333333E+00   0.1224744871391727E+01
   0.5366666666666667E+00   0.1186059291551720E+01
   0.5400000000000000E+00   0.1144122805635540E+01
   0.5433333333333333E+00   0.1099050358636113E+01
   0.5466666666666667E+00   0.1050965490997716E+01
   0.5500000000000000E+00   0.1000000000000211E+01
   0.5533333333333333E+00   0.9462935785118535E+00
   0.5566666666666668E+00   0.8899934321008537E+00
   0.5600000000000001E+00   0.8312538755551520E+00
   0.5633333333333334E+00   0.7702359099163015E+00
   0.5666666666666667E+00   0.7071067811868113E+00
   0.5700000000000001E+00   0.6420395219204754E+00
   0.5733333333333334E+00   0.5752124769521775E+00
   0.5766666666666667E+00   0.5068088145670832E+00
   0.5800000000000001E+00   0.4370160244491061E+00
   0.5833333333333334E+00   0.3660254037847275E+00
   0.5866666666666667E+00   0.2940315329306885E+00
   0.5900000000000001E+00   0.2212317420827645E+00
   0.5933333333333334E+00   0.1478255704074241E+00
   0.5966666666666667E+00   0.7401421911882716E-01
   0.6000000000000001E+00   0.2889766362996227E-12
   0.6033333333333334E+00  -0.7401421911824717E-01
   0.6066666666666667E+00  -0.1478255704068454E+00
   0.6100000000000000E+00  -0.2212317420821879E+00
   0.6133333333333334E+00  -0.2940315329301157E+00
   0.6166666666666667E+00  -0.3660254037841605E+00
   0.6200000000000000E+00  -0.4370160244485469E+00
   0.6233333333333334E+00  -0.5068088145665337E+00
   0.6266666666666667E+00  -0.5752124769516410E+00
   0.6300000000000000E+00  -0.6420395219199539E+00
   0.6333333333333334E+00  -0.7071067811863075E+00
   0.6366666666666667E+00  -0.7702359099158176E+00
   0.6400000000000000E+00  -0.8312538755546899E+00
   0.6433333333333334E+00  -0.8899934321004171E+00
   0.6466666666666667E+00  -0.9462935785114406E+00
   0.6500000000000000E+00  -0.9999999999998251E+00
   0.6533333333333333E+00  -0.1050965490997358E+01
   0.6566666666666667E+00  -0.1099050358635785E+01
   0.6600000000000000E+00  -0.1144122805635243E+01
   0.6633333333333333E+00  -0.1186059291551455E+01
   0.6666666666666667E+00  -0.1224744871391496E+01
   0.6700000000000000E+00  -0.1260073510670024E+01
   0.6733333333333333E+00  -0.1291948376042442E+01
   0.6766666666666667E+00  -0.1320282100718359E+01
   0.6800000000000000E+00  -0.1344997023927887E+01
   0.6833333333333333E+00  -0.1366025403784425E+01
   0.6866666666666668E+00  -0.1383309602960451E+01
   0.6900000000000001E+00  -0.1396802246667433E+01
   0.6933333333333334E+00  -0.1406466352506833E+01
   0.6966666666666667E+00  -0.1412275431836290E+01
   0.7000000000000001E+00  -0.1414213562373144E+01
   0.7033333333333334E+00  -0.1412275431836311E+01
   0.7066666666666667E+00  -0.1406466352506877E+01
   0.7100000000000001E+00  -0.1396802246667499E+01
   0.7133333333333334E+00  -0.1383309602960539E+01
   0.7166666666666667E+00  -0.1366025403784538E+01
   0.7200000000000001E+00  -0.1344997023928024E+01
   0.7233333333333334E+00  -0.1320282100718519E+01
   0.7266666666666667E+00  -0.1291948376042629E+01
   0.7300000000000001E+00  -0.1260073510670235E+01
   0.7333333333333334E+00  -0.1224744871391732E+01
   0.7366666666666667E+00  -0.1186059291551716E+01
   0.7400000000000001E+00  -0.1144122805635526E+01
   0.7433333333333334E+00  -0.1099050358636092E+01
   0.7466666666666667E+00  -0.1050965490997688E+01
   0.7500000000000000E+00  -0.1000000000000177E+01
   0.7533333333333334E+00  -0.9462935785118108E+00
   0.7566666666666667E+00  -0.8899934321008072E+00
   0.7600000000000000E+00  -0.8312538755551004E+00
   0.7633333333333334E+00  -0.7702359099162434E+00
   0.7666666666666667E+00  -0.7071067811867494E+00
   0.7700000000000000E+00  -0.6420395219204125E+00
   0.7733333333333334E+00  -0.5752124769521094E+00
   0.7766666666666667E+00  -0.5068088145670127E+00
   0.7800000000000000E+00  -0.4370160244490363E+00
   0.7833333333333334E+00  -0.3660254037846538E+00
   0.7866666666666667E+00  -0.2940315329306136E+00
   0.7900000000000000E+00  -0.2212317420826914E+00
   0.7933333333333333E+00  -0.1478255704073506E+00
   0.7966666666666667E+00  -0.7401421911875077E-01
   0.8000000000000000E+00  -0.2144165178460907E-12
   0.8033333333333333E+00   0.7401421911832270E-01
   0.8066666666666668E+00   0.1478255704069247E+00
   0.8100000000000001E+00   0.2212317420822691E+00
   0.8133333333333334E+00   0.2940315329301964E+00
   0.8166666666666668E+00   0.3660254037842461E+00
   0.8200000000000001E+00   0.4370160244486342E+00
   0.8233333333333334E+00   0.5068088145666195E+00
   0.8266666666666668E+00   0.5752124769517285E+00
   0.8300000000000001E+00   0.6420395219200391E+00
   0.8333333333333334E+00   0.7071067811863856E+00
   0.8366666666666667E+00   0.7702359099158889E+00
   0.8400000000000001E+00   0.8312538755547546E+00
   0.8433333333333334E+00   0.8899934321004705E+00
   0.8466666666666667E+00   0.9462935785114839E+00
   0.8500000000000001E+00   0.9999999999998606E+00
   0.8533333333333334E+00   0.1050965490997385E+01
   0.8566666666666667E+00   0.1099050358635803E+01
   0.8600000000000001E+00   0.1144122805635257E+01
   0.8633333333333334E+00   0.1186059291551463E+01
   0.8666666666666667E+00   0.1224744871391498E+01
   0.8700000000000001E+00   0.1260073510670022E+01
   0.8733333333333334E+00   0.1291948376042434E+01
   0.8766666666666667E+00   0.1320282100718342E+01
   0.8800000000000000E+00   0.1344997023927863E+01
   0.8833333333333334E+00   0.1366025403784394E+01
   0.8866666666666667E+00   0.1383309602960413E+01
   0.8900000000000000E+00   0.1396802246667390E+01
   0.8933333333333334E+00   0.1406466352506788E+01
   0.8966666666666667E+00   0.1412275431836244E+01
   0.9000000000000000E+00   0.1414213562373099E+01
   0.9033333333333334E+00   0.1412275431836268E+01
   0.9066666666666667E+00   0.1406466352506833E+01
   0.9100000000000000E+00   0.1396802246667452E+01
   0.9133333333333334E+00   0.1383309602960486E+01
   0.9166666666666667E+00   0.1366025403784474E+01
   0.9200000000000000E+00   0.1344997023927948E+01
   0.9233333333333333E+00   0.1320282100718430E+01
   0.9266666666666667E+00   0.1291948376042527E+01
   0.9300000000000000E+00   0.1260073510670126E+01
   0.9333333333333333E+00   0.1224744871391618E+01
   0.9366666666666668E+00   0.1186059291551598E+01
   0.9400000000000001E+00   0.1144122805635408E+01
   0.9433333333333334E+00   0.1099050358635968E+01
   0.9466666666666668E+00   0.1050965490997555E+01
   0.9500000000000001E+00   0.1000000000000031E+01
   0.9533333333333334E+00   0.9462935785116530E+00
   0.9566666666666668E+00   0.8899934321006335E+00
   0.9600000000000001E+00   0.8312538755549168E+00
   0.9633333333333334E+00   0.7702359099160588E+00
   0.9666666666666667E+00   0.7071067811865674E+00
   0.9700000000000001E+00   0.6420395219202326E+00
   0.9733333333333334E+00   0.5752124769519328E+00
   0.9766666666666667E+00   0.5068088145668300E+00
   0.9800000000000001E+00   0.4370160244488404E+00
   0.9833333333333334E+00   0.3660254037844500E+00
   0.9866666666666667E+00   0.2940315329304060E+00
   0.9900000000000001E+00   0.2212317420824823E+00
   0.9933333333333334E+00   0.1478255704071372E+00
   0.9966666666666667E+00   0.7401421911853412E-01
   0.1000000000000000E+01   0.5776822436770893E-16
