   0.0000000000000000E+00   0.0000000000000000E+00
   0.3333333333333334E-02   0.2504356408517190E+00
   0.6666666666666667E-02   0.4929553175968417E+00
   0.1000000000000000E-01   0.7198932740849805E+00
   0.1333333333333333E-01   0.9240762787760524E+00
   0.1666666666666667E-01   0.1099050358225101E+01
   0.2000000000000000E-01   0.1239284793281854E+01
   0.2333333333333333E-01   0.1340346941092423E+01
   0.2666666666666667E-01   0.1399042349605504E+01
   0.3000000000000000E-01   0.1413515730673813E+01
   0.3333333333333333E-01   0.1383309600742986E+01
   0.3666666666666667E-01   0.1309378738812570E+01
   0.4000000000000000E-01   0.1194060007017830E+01
   0.4333333333333333E-01   0.1040998487543620E+01
   0.4666666666666667E-01   0.8550322684308215E+00
   0.5000000000000000E-01   0.6420395179995249E+00
   0.5333333333333334E-01   0.4087526813787924E+00
   0.5666666666666667E-01   0.1625456735867838E+00
   0.6000000000000000E-01  -0.8879920239571984E-01
   0.6333333333333334E-01  -0.3373372441033626E+00
   0.6666666666666667E-01  -0.5752124696416878E+00
   0.7000000000000001E-01  -0.7949059332717328E+00
   0.7333333333333333E-01  -0.9894733892763588E+00
   0.7666666666666667E-01  -0.1152764792586709E+01
   0.8000000000000000E-01  -0.1279618697195352E+01
   0.8333333333333334E-01  -0.1366025405640553E+01
   0.8666666666666667E-01  -0.1409253710722409E+01
   0.9000000000000001E-01  -0.1407937223069221E+01
   0.9333333333333334E-01  -0.1362117557656620E+01
   0.9666666666666668E-01  -0.1273243016715435E+01
   0.1000000000000000E+00  -0.1144122811907325E+01
   0.1033333333333333E+00  -0.9788382717922165E+00
   0.1066666666666667E+00  -0.7826138388125555E+00
   0.1100000000000000E+00  -0.5616519314480052E+00
   0.1133333333333333E+00  -0.3229368912247094E+00
   0.1166666666666667E+00  -0.7401421317042021E-01
   0.1200000000000000E+00   0.1772479599913292E+00
   0.1233333333333333E+00   0.4229075398589204E+00
   0.1266666666666667E+00   0.6551995297385826E+00
   0.1300000000000000E+00   0.8667814639886097E+00
   0.1333333333333333E+00   0.1050965493152512E+01
   0.1366666666666667E+00   0.1201929779912320E+01
   0.1400000000000000E+00   0.1314902523207946E+01
   0.1433333333333333E+00   0.1386312791715327E+01
   0.1466666666666667E+00   0.1413903396997552E+01
   0.1500000000000000E+00   0.1396802238140854E+01
   0.1533333333333333E+00   0.1335549864462922E+01
   0.1566666666666667E+00   0.1232082387586193E+01
   0.1600000000000000E+00   0.1089670284353939E+01
   0.1633333333333333E+00   0.9128150241302760E+00
   0.1666666666666667E+00   0.7071067856548511E+00
   0.1700000000000000E+00   0.4790477588525758E+00
   0.1733333333333333E+00   0.2358466165738247E+00
   0.1766666666666667E+00  -0.1480934576513242E-01
   0.1800000000000000E+00  -0.2649971982457409E+00
   0.1833333333333333E+00  -0.5068088103939374E+00
   0.1866666666666667E+00  -0.7326008152767353E+00
   0.1900000000000000E+00  -0.9352362041869199E+00
   0.1933333333333334E+00  -0.1108309917330743E+01
   0.1966666666666667E+00  -0.1246351300976993E+01
   0.2000000000000000E+00  -0.1344997031075924E+01
   0.2033333333333333E+00  -0.1401129035422671E+01
   0.2066666666666667E+00  -0.1412973052691543E+01
   0.2100000000000000E+00  -0.1380154712471345E+01
   0.2133333333333333E+00  -0.1303711365302776E+01
   0.2166666666666667E+00  -0.1186059291315366E+01
   0.2200000000000000E+00  -0.1030917325405867E+01
   0.2233333333333334E+00  -0.8431893123740875E+00
   0.2266666666666667E+00  -0.6288091052278152E+00
   0.2300000000000000E+00  -0.3945530040436713E+00
   0.2333333333333333E+00  -0.1478255635957477E+00
   0.2366666666666667E+00   0.1035744585499225E+00
   0.2400000000000000E+00   0.3517006134070116E+00
   0.2433333333333333E+00   0.5887099381228654E+00
   0.2466666666666667E+00   0.8071108603212793E+00
   0.2500000000000000E+00   0.9999999946875516E+00
   0.2533333333333334E+00   0.1161280348919309E+01
   0.2566666666666667E+00   0.1285854043064278E+01
   0.2600000000000000E+00   0.1369783450176393E+01
   0.2633333333333334E+00   0.1410415662831294E+01
   0.2666666666666667E+00   0.1406466349059095E+01
   0.2700000000000000E+00   0.1358060346444673E+01
   0.2733333333333334E+00   0.1266727712802084E+01
   0.2766666666666667E+00   0.1135355360791216E+01
   0.2800000000000000E+00   0.9680958067843684E+00
   0.2833333333333333E+00   0.7702359177455469E+00
   0.2866666666666667E+00   0.5480298027169974E+00
   0.2900000000000000E+00   0.3085011289559025E+00
   0.2933333333333333E+00   0.5922111077206822E-01
   0.2966666666666667E+00  -0.1919308102314342E+00
   0.3000000000000000E+00  -0.4370160269773716E+00
   0.3033333333333333E+00  -0.6682876968006387E+00
   0.3066666666666667E+00  -0.8784356076789349E+00
   0.3100000000000000E+00  -0.1060817242193949E+01
   0.3133333333333334E+00  -0.1209667737586105E+01
   0.3166666666666667E+00  -0.1320282106702402E+01
   0.3200000000000000E+00  -0.1389163959735624E+01
   0.3233333333333334E+00  -0.1414136023873481E+01
   0.3266666666666667E+00  -0.1394408965184134E+01
   0.3300000000000000E+00  -0.1330606336572763E+01
   0.3333333333333334E+00  -0.1224744864679709E+01
   0.3366666666666667E+00  -0.1080170701355820E+01
   0.3400000000000000E+00  -0.9014536563480618E+00
   0.3433333333333334E+00  -0.6942427539227969E+00
   0.3466666666666667E+00  -0.4650876770382980E+00
   0.3500000000000000E+00  -0.2212317409265800E+00
   0.3533333333333333E+00   0.2961706068380900E-01
   0.3566666666666667E+00   0.2795296986976316E+00
   0.3600000000000000E+00   0.5206067379896999E+00
   0.3633333333333333E+00   0.7452280293212474E+00
   0.3666666666666667E+00   0.9462935710858276E+00
   0.3700000000000001E+00   0.1117447928743771E+01
   0.3733333333333334E+00   0.1253281120363765E+01
   0.3766666666666667E+00   0.1349499620036028E+01
   0.3800000000000000E+00   0.1403062073755137E+01
   0.3833333333333334E+00   0.1412275436029664E+01
   0.3866666666666667E+00   0.1376848486110005E+01
   0.3900000000000000E+00   0.1297901031342367E+01
   0.3933333333333334E+00   0.1177928508089780E+01
   0.3966666666666667E+00   0.1020723101654054E+01
   0.4000000000000000E+00   0.8312538801978092E+00
   0.4033333333333334E+00   0.6155097311658110E+00
   0.4066666666666667E+00   0.3803100628231708E+00
   0.4100000000000000E+00   0.1330892523215519E+00
   0.4133333333333334E+00  -0.1183383471175195E+00
   0.4166666666666667E+00  -0.3660254111561161E+00
   0.4200000000000000E+00  -0.6021428520765381E+00
   0.4233333333333333E+00  -0.8192272873094244E+00
   0.4266666666666667E+00  -0.1010416946124752E+01
   0.4300000000000000E+00  -0.1169668558858940E+01
   0.4333333333333333E+00  -0.1291948375139396E+01
   0.4366666666666667E+00  -0.1373391274889568E+01
   0.4400000000000000E+00  -0.1411422942745487E+01
   0.4433333333333334E+00  -0.1404841242217292E+01
   0.4466666666666667E+00  -0.1353854215054411E+01
   0.4500000000000000E+00  -0.1260073503675250E+01
   0.4533333333333334E+00  -0.1126463405815467E+01
   0.4566666666666667E+00  -0.9572471742010432E+00
   0.4600000000000000E+00  -0.7577735247644967E+00
   0.4633333333333334E+00  -0.5343475727234768E+00
   0.4666666666666667E+00  -0.2940315385599110E+00
   0.4700000000000000E+00  -0.4442152125574748E-01
   0.4733333333333334E+00   0.2065926061542569E+00
   0.4766666666666667E+00   0.4510765885446777E+00
   0.4800000000000000E+00   0.6813025834346379E+00
   0.4833333333333333E+00   0.8899934294833138E+00
   0.4866666666666667E+00   0.1070552667110606E+01
   0.4900000000000000E+00   0.1217273041554314E+01
   0.4933333333333333E+00   0.1325516899915652E+01
   0.4966666666666667E+00   0.1391862781817104E+01
   0.5000000000000000E+00   0.1414213570185294E+01
   0.5033333333333334E+00   0.1391862781817104E+01
   0.5066666666666667E+00   0.1325516899915655E+01
   0.5100000000000000E+00   0.1217273041554318E+01
   0.5133333333333334E+00   0.1070552667110606E+01
   0.5166666666666667E+00   0.8899934294833151E+00
   0.5200000000000000E+00   0.6813025834346372E+00
   0.5233333333333333E+00   0.4510765885446792E+00
   0.5266666666666667E+00   0.2065926061542481E+00
   0.5300000000000000E+00  -0.4442152125575453E-01
   0.5333333333333333E+00  -0.2940315385599160E+00
   0.5366666666666667E+00  -0.5343475727234915E+00
   0.5400000000000000E+00  -0.7577735247645080E+00
   0.5433333333333333E+00  -0.9572471742010547E+00
   0.5466666666666667E+00  -0.1126463405815481E+01
   0.5500000000000000E+00  -0.1260073503675259E+01
   0.5533333333333333E+00  -0.1353854215054419E+01
   0.5566666666666668E+00  -0.1404841242217300E+01
   0.5600000000000001E+00  -0.1411422942745494E+01
   0.5633333333333334E+00  -0.1373391274889574E+01
   0.5666666666666667E+00  -0.1291948375139402E+01
   0.5700000000000001E+00  -0.1169668558858941E+01
   0.5733333333333334E+00  -0.1010416946124753E+01
   0.5766666666666667E+00  -0.8192272873094260E+00
   0.5800000000000001E+00  -0.6021428520765281E+00
   0.5833333333333334E+00  -0.3660254111561055E+00
   0.5866666666666667E+00  -0.1183383471175035E+00
   0.5900000000000001E+00   0.1330892523215770E+00
   0.5933333333333334E+00   0.3803100628231969E+00
   0.5966666666666667E+00   0.6155097311658408E+00
   0.6000000000000001E+00   0.8312538801978455E+00
   0.6033333333333334E+00   0.1020723101654087E+01
   0.6066666666666667E+00   0.1177928508089812E+01
   0.6100000000000000E+00   0.1297901031342395E+01
   0.6133333333333334E+00   0.1376848486110031E+01
   0.6166666666666667E+00   0.1412275436029685E+01
   0.6200000000000000E+00   0.1403062073755154E+01
   0.6233333333333334E+00   0.1349499620036038E+01
   0.6266666666666667E+00   0.1253281120363773E+01
   0.6300000000000000E+00   0.1117447928743775E+01
   0.6333333333333334E+00   0.9462935710858258E+00
   0.6366666666666667E+00   0.7452280293212457E+00
   0.6400000000000000E+00   0.5206067379896944E+00
   0.6433333333333334E+00   0.2795296986976176E+00
   0.6466666666666667E+00   0.2961706068379370E-01
   0.6500000000000000E+00  -0.2212317409266014E+00
   0.6533333333333333E+00  -0.4650876770383229E+00
   0.6566666666666667E+00  -0.6942427539228375E+00
   0.6600000000000000E+00  -0.9014536563481064E+00
   0.6633333333333333E+00  -0.1080170701355868E+01
   0.6666666666666667E+00  -0.1224744864679766E+01
   0.6700000000000000E+00  -0.1330606336572821E+01
   0.6733333333333333E+00  -0.1394408965184190E+01
   0.6766666666666667E+00  -0.1414136023873537E+01
   0.6800000000000000E+00  -0.1389163959735675E+01
   0.6833333333333333E+00  -0.1320282106702448E+01
   0.6866666666666668E+00  -0.1209667737586143E+01
   0.6900000000000001E+00  -0.1060817242193984E+01
   0.6933333333333334E+00  -0.8784356076789640E+00
   0.6966666666666667E+00  -0.6682876968006671E+00
   0.7000000000000001E+00  -0.4370160269773887E+00
   0.7033333333333334E+00  -0.1919308102314510E+00
   0.7066666666666667E+00   0.5922111077205141E-01
   0.7100000000000001E+00   0.3085011289558995E+00
   0.7133333333333334E+00   0.5480298027169982E+00
   0.7166666666666667E+00   0.7702359177455528E+00
   0.7200000000000001E+00   0.9680958067843924E+00
   0.7233333333333334E+00   0.1135355360791248E+01
   0.7266666666666667E+00   0.1266727712802125E+01
   0.7300000000000001E+00   0.1358060346444723E+01
   0.7333333333333334E+00   0.1406466349059146E+01
   0.7366666666666667E+00   0.1410415662831343E+01
   0.7400000000000001E+00   0.1369783450176437E+01
   0.7433333333333334E+00   0.1285854043064309E+01
   0.7466666666666667E+00   0.1161280348919329E+01
   0.7500000000000000E+00   0.9999999946875596E+00
   0.7533333333333334E+00   0.8071108603212676E+00
   0.7566666666666667E+00   0.5887099381228429E+00
   0.7600000000000000E+00   0.3517006134069804E+00
   0.7633333333333334E+00   0.1035744585498768E+00
   0.7666666666666667E+00  -0.1478255635957961E+00
   0.7700000000000000E+00  -0.3945530040437241E+00
   0.7733333333333334E+00  -0.6288091052278811E+00
   0.7766666666666667E+00  -0.8431893123741609E+00
   0.7800000000000000E+00  -0.1030917325405947E+01
   0.7833333333333334E+00  -0.1186059291315461E+01
   0.7866666666666667E+00  -0.1303711365302879E+01
   0.7900000000000000E+00  -0.1380154712471452E+01
   0.7933333333333333E+00  -0.1412973052691650E+01
   0.7966666666666667E+00  -0.1401129035422771E+01
   0.8000000000000000E+00  -0.1344997031076010E+01
   0.8033333333333333E+00  -0.1246351300977060E+01
   0.8066666666666668E+00  -0.1108309917330784E+01
   0.8100000000000001E+00  -0.9352362041869411E+00
   0.8133333333333334E+00  -0.7326008152767385E+00
   0.8166666666666668E+00  -0.5068088103939219E+00
   0.8200000000000001E+00  -0.2649971982457213E+00
   0.8233333333333334E+00  -0.1480934576511835E-01
   0.8266666666666668E+00   0.2358466165738392E+00
   0.8300000000000001E+00   0.4790477588525794E+00
   0.8333333333333334E+00   0.7071067856548449E+00
   0.8366666666666667E+00   0.9128150241302619E+00
   0.8400000000000001E+00   0.1089670284353930E+01
   0.8433333333333334E+00   0.1232082387586187E+01
   0.8466666666666667E+00   0.1335549864462923E+01
   0.8500000000000001E+00   0.1396802238140864E+01
   0.8533333333333334E+00   0.1413903396997564E+01
   0.8566666666666667E+00   0.1386312791715338E+01
   0.8600000000000001E+00   0.1314902523207947E+01
   0.8633333333333334E+00   0.1201929779912307E+01
   0.8666666666666667E+00   0.1050965493152485E+01
   0.8700000000000001E+00   0.8667814639885622E+00
   0.8733333333333334E+00   0.6551995297385257E+00
   0.8766666666666667E+00   0.4229075398588626E+00
   0.8800000000000000E+00   0.1772479599912780E+00
   0.8833333333333334E+00  -0.7401421317046568E-01
   0.8866666666666667E+00  -0.3229368912247380E+00
   0.8900000000000000E+00  -0.5616519314480156E+00
   0.8933333333333334E+00  -0.7826138388125621E+00
   0.8966666666666667E+00  -0.9788382717922182E+00
   0.9000000000000000E+00  -0.1144122811907328E+01
   0.9033333333333334E+00  -0.1273243016715450E+01
   0.9066666666666667E+00  -0.1362117557656644E+01
   0.9100000000000000E+00  -0.1407937223069252E+01
   0.9133333333333334E+00  -0.1409253710722438E+01
   0.9166666666666667E+00  -0.1366025405640574E+01
   0.9200000000000000E+00  -0.1279618697195358E+01
   0.9233333333333333E+00  -0.1152764792586698E+01
   0.9266666666666667E+00  -0.9894733892763306E+00
   0.9300000000000000E+00  -0.7949059332716979E+00
   0.9333333333333333E+00  -0.5752124696416568E+00
   0.9366666666666668E+00  -0.3373372441033330E+00
   0.9400000000000001E+00  -0.8879920239570187E-01
   0.9433333333333334E+00   0.1625456735867944E+00
   0.9466666666666668E+00   0.4087526813788123E+00
   0.9500000000000001E+00   0.6420395179995544E+00
   0.9533333333333334E+00   0.8550322684308643E+00
   0.9566666666666668E+00   0.1040998487543677E+01
   0.9600000000000001E+00   0.1194060007017882E+01
   0.9633333333333334E+00   0.1309378738812604E+01
   0.9666666666666667E+00   0.1383309600742996E+01
   0.9700000000000001E+00   0.1413515730673806E+01
   0.9733333333333334E+00   0.1399042349605499E+01
   0.9766666666666667E+00   0.1340346941092438E+01
   0.9800000000000001E+00   0.1239284793281817E+01
   0.9833333333333334E+00   0.1099050358225125E+01
   0.9866666666666667E+00   0.9240762787760046E+00
   0.9900000000000001E+00   0.7198932740849117E+00
   0.9933333333333334E+00   0.4929553175968302E+00
   0.9966666666666667E+00   0.2504356408517569E+00
   0.1000000000000000E+01  -0.6983560263750444E-16
