   0.0000000000000000E+00   0.0000000000000000E+00
   0.3333333333333334E-02  -0.1772479587211183E+00
   0.6666666666666667E-02  -0.3517006112570192E+00
   0.1000000000000000E-01  -0.5206067350463396E+00
   0.1333333333333333E-01  -0.6813025796322257E+00
   0.1666666666666667E-01  -0.8312538755601911E+00
   0.2000000000000000E-01  -0.9680958013000924E+00
   0.2333333333333333E-01  -0.1089670277922820E+01
   0.2666666666666667E-01  -0.1194060003317323E+01
   0.3000000000000000E-01  -0.1279618689178538E+01
   0.3333333333333333E-01  -0.1344997023929557E+01
   0.3666666666666667E-01  -0.1389163952157977E+01
   0.4000000000000000E-01  -0.1411422934991502E+01
   0.4333333333333333E-01  -0.1411422934961901E+01
   0.4666666666666667E-01  -0.1389163952090226E+01
   0.5000000000000000E-01  -0.1344997023870602E+01
   0.5333333333333334E-01  -0.1279618689166561E+01
   0.5666666666666667E-01  -0.1194060003356932E+01
   0.6000000000000000E-01  -0.1089670277986933E+01
   0.6333333333333334E-01  -0.9680958013512370E+00
   0.6666666666666667E-01  -0.8312538755710634E+00
   0.7000000000000001E-01  -0.6813025795944300E+00
   0.7333333333333333E-01  -0.5206067349765739E+00
   0.7666666666666667E-01  -0.3517006112012957E+00
   0.8000000000000000E-01  -0.1772479587246168E+00
   0.8333333333333334E-01  -0.5121380766771974E-10
   0.8666666666666667E-01   0.1772479586606513E+00
   0.9000000000000001E-01   0.3517006112242348E+00
   0.9333333333333334E-01   0.5206067350698588E+00
   0.9666666666666668E-01   0.6813025796874379E+00
   0.1000000000000000E+00   0.8312538755913141E+00
   0.1033333333333333E+00   0.9680958012805605E+00
   0.1066666666666667E+00   0.1089670277878033E+01
   0.1100000000000000E+00   0.1194060003294309E+01
   0.1133333333333333E+00   0.1279618689200090E+01
   0.1166666666666667E+00   0.1344997023974971E+01
   0.1200000000000000E+00   0.1389163952184571E+01
   0.1233333333333333E+00   0.1411422934974707E+01
   0.1266666666666667E+00   0.1411422934917116E+01
   0.1300000000000000E+00   0.1389163952057700E+01
   0.1333333333333333E+00   0.1344997023878597E+01
   0.1366666666666667E+00   0.1279618689206363E+01
   0.1400000000000000E+00   0.1194060003391130E+01
   0.1433333333333333E+00   0.1089670277982732E+01
   0.1466666666666667E+00   0.9680958013093043E+00
   0.1500000000000000E+00   0.8312538755254836E+00
   0.1533333333333333E+00   0.6813025795849432E+00
   0.1566666666666667E+00   0.5206067350164455E+00
   0.1600000000000000E+00   0.3517006112659006E+00
   0.1633333333333333E+00   0.1772479587687967E+00
   0.1666666666666667E+00   0.4204096466841150E-10
   0.1700000000000000E+00  -0.1772479587196103E+00
   0.1733333333333333E+00  -0.3517006112944372E+00
   0.1766666666666667E+00  -0.5206067351043225E+00
   0.1800000000000000E+00  -0.6813025796641302E+00
   0.1833333333333333E+00  -0.8312538755294206E+00
   0.1866666666666667E+00  -0.9680958012264558E+00
   0.1900000000000000E+00  -0.1089670277869988E+01
   0.1933333333333334E+00  -0.1194060003332843E+01
   0.1966666666666667E+00  -0.1279618689248175E+01
   0.2000000000000000E+00  -0.1344997023989087E+01
   0.2033333333333333E+00  -0.1389163952151790E+01
   0.2066666666666667E+00  -0.1411422934924264E+01
   0.2100000000000000E+00  -0.1411422934895628E+01
   0.2133333333333333E+00  -0.1389163952088915E+01
   0.2166666666666667E+00  -0.1344997023942114E+01
   0.2200000000000000E+00  -0.1279618689253409E+01
   0.2233333333333334E+00  -0.1194060003384100E+01
   0.2266666666666667E+00  -0.1089670277925388E+01
   0.2300000000000000E+00  -0.9680958012432251E+00
   0.2333333333333333E+00  -0.8312538754972727E+00
   0.2366666666666667E+00  -0.6813025796113682E+00
   0.2400000000000000E+00  -0.5206067350739193E+00
   0.2433333333333333E+00  -0.3517006113103210E+00
   0.2466666666666667E+00  -0.1772479587690848E+00
   0.2500000000000000E+00  -0.2171733545008926E-11
   0.2533333333333334E+00   0.1772479587651970E+00
   0.2566666666666667E+00   0.3517006113076949E+00
   0.2600000000000000E+00   0.5206067350730732E+00
   0.2633333333333334E+00   0.6813025796124202E+00
   0.2666666666666667E+00   0.8312538754998942E+00
   0.2700000000000000E+00   0.9680958012467201E+00
   0.2733333333333334E+00   0.1089670277928836E+01
   0.2766666666666667E+00   0.1194060003386568E+01
   0.2800000000000000E+00   0.1279618689254179E+01
   0.2833333333333333E+00   0.1344997023940866E+01
   0.2866666666666667E+00   0.1389163952085834E+01
   0.2900000000000000E+00   0.1411422934891381E+01
   0.2933333333333333E+00   0.1411422934919867E+01
   0.2966666666666667E+00   0.1389163952148378E+01
   0.3000000000000000E+00   0.1344997023987627E+01
   0.3033333333333333E+00   0.1279618689249212E+01
   0.3066666666666667E+00   0.1194060003336318E+01
   0.3100000000000000E+00   0.1089670277875214E+01
   0.3133333333333334E+00   0.9680958012322444E+00
   0.3166666666666667E+00   0.8312538755343619E+00
   0.3200000000000000E+00   0.6813025796669531E+00
   0.3233333333333334E+00   0.5206067351042439E+00
   0.3266666666666667E+00   0.3517006112914184E+00
   0.3300000000000000E+00   0.1772479587144210E+00
   0.3333333333333334E+00  -0.4796406552944504E-10
   0.3366666666666667E+00  -0.1772479587736950E+00
   0.3400000000000000E+00  -0.3517006112681738E+00
   0.3433333333333334E+00  -0.5206067350151082E+00
   0.3466666666666667E+00  -0.6813025795799603E+00
   0.3500000000000000E+00  -0.8312538755178736E+00
   0.3533333333333333E+00  -0.9680958013009282E+00
   0.3566666666666667E+00  -0.1089670277975841E+01
   0.3600000000000000E+00  -0.1194060003387733E+01
   0.3633333333333333E+00  -0.1279618689207614E+01
   0.3666666666666667E+00  -0.1344997023884384E+01
   0.3700000000000001E+00  -0.1389163952066554E+01
   0.3733333333333334E+00  -0.1411422934926536E+01
   0.3766666666666667E+00  -0.1411422934981821E+01
   0.3800000000000000E+00  -0.1389163952186990E+01
   0.3833333333333334E+00  -0.1344997023971574E+01
   0.3866666666666667E+00  -0.1279618689191502E+01
   0.3900000000000000E+00  -0.1194060003282875E+01
   0.3933333333333334E+00  -0.1089670277867240E+01
   0.3966666666666667E+00  -0.9680958012740202E+00
   0.4000000000000000E+00  -0.8312538755915827E+00
   0.4033333333333334E+00  -0.6813025796950452E+00
   0.4066666666666667E+00  -0.5206067350829019E+00
   0.4100000000000000E+00  -0.3517006112387472E+00
   0.4133333333333334E+00  -0.1772479586717568E+00
   0.4166666666666667E+00   0.4766857621948060E-10
   0.4200000000000000E+00   0.1772479587304644E+00
   0.4233333333333333E+00   0.3517006112150486E+00
   0.4266666666666667E+00   0.5206067349935499E+00
   0.4300000000000000E+00   0.6813025796081192E+00
   0.4333333333333333E+00   0.8312538755754718E+00
   0.4366666666666667E+00   0.9680958013434514E+00
   0.4400000000000000E+00   0.1089670277968865E+01
   0.4433333333333334E+00   0.1194060003335334E+01
   0.4466666666666667E+00   0.1279618689150842E+01
   0.4500000000000000E+00   0.1344997023868895E+01
   0.4533333333333334E+00   0.1389163952105112E+01
   0.4566666666666667E+00   0.1411422934987815E+01
   0.4600000000000000E+00   0.1411422935015767E+01
   0.4633333333333334E+00   0.1389163952166149E+01
   0.4666666666666667E+00   0.1344997023913620E+01
   0.4700000000000000E+00   0.1279618689143983E+01
   0.4733333333333334E+00   0.1194060003283863E+01
   0.4766666666666667E+00   0.1089670277915047E+01
   0.4800000000000000E+00   0.9680958013299303E+00
   0.4833333333333333E+00   0.8312538756117422E+00
   0.4866666666666667E+00   0.6813025796647189E+00
   0.4900000000000000E+00   0.5206067350264511E+00
   0.4933333333333333E+00   0.3517006111995917E+00
   0.4966666666666667E+00   0.1772479586792302E+00
   0.5000000000000000E+00   0.2225447637819186E-12
   0.5033333333333334E+00  -0.1772479586787942E+00
   0.5066666666666667E+00  -0.3517006111991615E+00
   0.5100000000000000E+00  -0.5206067350260352E+00
   0.5133333333333334E+00  -0.6813025796643264E+00
   0.5166666666666667E+00  -0.8312538756113738E+00
   0.5200000000000000E+00  -0.9680958013295932E+00
   0.5233333333333333E+00  -0.1089670277914746E+01
   0.5266666666666667E+00  -0.1194060003283607E+01
   0.5300000000000000E+00  -0.1279618689143770E+01
   0.5333333333333333E+00  -0.1344997023913453E+01
   0.5366666666666667E+00  -0.1389163952166033E+01
   0.5400000000000000E+00  -0.1411422935015699E+01
   0.5433333333333333E+00  -0.1411422934987796E+01
   0.5466666666666667E+00  -0.1389163952105139E+01
   0.5500000000000000E+00  -0.1344997023868967E+01
   0.5533333333333333E+00  -0.1279618689150956E+01
   0.5566666666666668E+00  -0.1194060003335488E+01
   0.5600000000000001E+00  -0.1089670277969057E+01
   0.5633333333333334E+00  -0.9680958013436771E+00
   0.5666666666666667E+00  -0.8312538755757301E+00
   0.5700000000000001E+00  -0.6813025796083988E+00
   0.5733333333333334E+00  -0.5206067349938539E+00
   0.5766666666666667E+00  -0.3517006112153732E+00
   0.5800000000000001E+00  -0.1772479587307954E+00
   0.5833333333333334E+00  -0.4801014272928156E-10
   0.5866666666666667E+00   0.1772479586714132E+00
   0.5900000000000001E+00   0.3517006112384094E+00
   0.5933333333333334E+00   0.5206067350825696E+00
   0.5966666666666667E+00   0.6813025796947262E+00
   0.6000000000000001E+00   0.8312538755912846E+00
   0.6033333333333334E+00   0.9680958012737421E+00
   0.6066666666666667E+00   0.1089670277866988E+01
   0.6100000000000000E+00   0.1194060003282653E+01
   0.6133333333333334E+00   0.1279618689191317E+01
   0.6166666666666667E+00   0.1344997023971426E+01
   0.6200000000000000E+00   0.1389163952186883E+01
   0.6233333333333334E+00   0.1411422934981758E+01
   0.6266666666666667E+00   0.1411422934926518E+01
   0.6300000000000000E+00   0.1389163952066583E+01
   0.6333333333333334E+00   0.1344997023884457E+01
   0.6366666666666667E+00   0.1279618689207735E+01
   0.6400000000000000E+00   0.1194060003387898E+01
   0.6433333333333334E+00   0.1089670277976047E+01
   0.6466666666666667E+00   0.9680958013011757E+00
   0.6500000000000000E+00   0.8312538755181568E+00
   0.6533333333333333E+00   0.6813025795802776E+00
   0.6566666666666667E+00   0.5206067350154476E+00
   0.6600000000000000E+00   0.3517006112685394E+00
   0.6633333333333333E+00   0.1772479587740818E+00
   0.6666666666666667E+00   0.4835880471039004E-10
   0.6700000000000000E+00  -0.1772479587140141E+00
   0.6733333333333333E+00  -0.3517006112910049E+00
   0.6766666666666667E+00  -0.5206067351038374E+00
   0.6800000000000000E+00  -0.6813025796665509E+00
   0.6833333333333333E+00  -0.8312538755339718E+00
   0.6866666666666668E+00  -0.9680958012318748E+00
   0.6900000000000001E+00  -0.1089670277874866E+01
   0.6933333333333334E+00  -0.1194060003335999E+01
   0.6966666666666667E+00  -0.1279618689248927E+01
   0.7000000000000001E+00  -0.1344997023987384E+01
   0.7033333333333334E+00  -0.1389163952148178E+01
   0.7066666666666667E+00  -0.1411422934919714E+01
   0.7100000000000001E+00  -0.1411422934891278E+01
   0.7133333333333334E+00  -0.1389163952085785E+01
   0.7166666666666667E+00  -0.1344997023940872E+01
   0.7200000000000001E+00  -0.1279618689254236E+01
   0.7233333333333334E+00  -0.1194060003386679E+01
   0.7266666666666667E+00  -0.1089670277928998E+01
   0.7300000000000001E+00  -0.9680958012469295E+00
   0.7333333333333334E+00  -0.8312538755001503E+00
   0.7366666666666667E+00  -0.6813025796127169E+00
   0.7400000000000001E+00  -0.5206067350734035E+00
   0.7433333333333334E+00  -0.3517006113080548E+00
   0.7466666666666667E+00  -0.1772479587655839E+00
   0.7500000000000000E+00   0.1764354765451040E-11
   0.7533333333333334E+00   0.1772479587686714E+00
   0.7566666666666667E+00   0.3517006113099022E+00
   0.7600000000000000E+00   0.5206067350735023E+00
   0.7633333333333334E+00   0.6813025796109653E+00
   0.7666666666666667E+00   0.8312538754968842E+00
   0.7700000000000000E+00   0.9680958012428587E+00
   0.7733333333333334E+00   0.1089670277925054E+01
   0.7766666666666667E+00   0.1194060003383801E+01
   0.7800000000000000E+00   0.1279618689253149E+01
   0.7833333333333334E+00   0.1344997023941900E+01
   0.7866666666666667E+00   0.1389163952088750E+01
   0.7900000000000000E+00   0.1411422934895516E+01
   0.7933333333333333E+00   0.1411422934924206E+01
   0.7966666666666667E+00   0.1389163952151789E+01
   0.8000000000000000E+00   0.1344997023989140E+01
   0.8033333333333333E+00   0.1279618689248284E+01
   0.8066666666666668E+00   0.1194060003333004E+01
   0.8100000000000001E+00   0.1089670277870201E+01
   0.8133333333333334E+00   0.9680958012267170E+00
   0.8166666666666668E+00   0.8312538755297222E+00
   0.8200000000000001E+00   0.6813025796644717E+00
   0.8233333333333334E+00   0.5206067351047008E+00
   0.8266666666666668E+00   0.3517006112948409E+00
   0.8300000000000001E+00   0.1772479587200397E+00
   0.8333333333333334E+00  -0.4159121986369145E-10
   0.8366666666666667E+00  -0.1772479587683310E+00
   0.8400000000000001E+00  -0.3517006112654329E+00
   0.8433333333333334E+00  -0.5206067350159770E+00
   0.8466666666666667E+00  -0.6813025795844815E+00
   0.8500000000000001E+00  -0.8312538755250410E+00
   0.8533333333333334E+00  -0.9680958013088822E+00
   0.8566666666666667E+00  -0.1089670277982339E+01
   0.8600000000000001E+00  -0.1194060003390775E+01
   0.8633333333333334E+00  -0.1279618689206046E+01
   0.8666666666666667E+00  -0.1344997023878322E+01
   0.8700000000000001E+00  -0.1389163952057470E+01
   0.8733333333333334E+00  -0.1411422934916930E+01
   0.8766666666666667E+00  -0.1411422934974564E+01
   0.8800000000000000E+00  -0.1389163952184470E+01
   0.8833333333333334E+00  -0.1344997023974910E+01
   0.8866666666666667E+00  -0.1279618689200072E+01
   0.8900000000000000E+00  -0.1194060003294331E+01
   0.8933333333333334E+00  -0.1089670277878092E+01
   0.8966666666666667E+00  -0.9680958012806574E+00
   0.9000000000000000E+00  -0.8312538755914470E+00
   0.9033333333333334E+00  -0.6813025796875967E+00
   0.9066666666666667E+00  -0.5206067350700418E+00
   0.9100000000000000E+00  -0.3517006112244356E+00
   0.9133333333333334E+00  -0.1772479586608569E+00
   0.9166666666666667E+00   0.5100337944666217E-10
   0.9200000000000000E+00   0.1772479587244033E+00
   0.9233333333333333E+00   0.3517006112010781E+00
   0.9266666666666667E+00   0.5206067349763546E+00
   0.9300000000000000E+00   0.6813025795941985E+00
   0.9333333333333333E+00   0.8312538755708164E+00
   0.9366666666666668E+00   0.9680958013509791E+00
   0.9400000000000001E+00   0.1089670277986664E+01
   0.9433333333333334E+00   0.1194060003356659E+01
   0.9466666666666668E+00   0.1279618689166298E+01
   0.9500000000000001E+00   0.1344997023870354E+01
   0.9533333333333334E+00   0.1389163952089998E+01
   0.9566666666666668E+00   0.1411422934961691E+01
   0.9600000000000001E+00   0.1411422934991301E+01
   0.9633333333333334E+00   0.1389163952157780E+01
   0.9666666666666667E+00   0.1344997023929363E+01
   0.9700000000000001E+00   0.1279618689178354E+01
   0.9733333333333334E+00   0.1194060003317166E+01
   0.9766666666666667E+00   0.1089670277922702E+01
   0.9800000000000001E+00   0.9680958012999568E+00
   0.9833333333333334E+00   0.8312538755601115E+00
   0.9866666666666667E+00   0.6813025796321076E+00
   0.9900000000000001E+00   0.5206067350462248E+00
   0.9933333333333334E+00   0.3517006112569751E+00
   0.9966666666666667E+00   0.1772479587211338E+00
   0.1000000000000000E+01   0.5181831564219246E-16
