   0.0000000000000000E+00   0.0000000000000000E+00
   0.3333333333333334E-02  -0.1478255704070562E+00
   0.6666666666666667E-02  -0.2940315329305859E+00
   0.1000000000000000E-01  -0.4370160244484999E+00
   0.1333333333333333E-01  -0.5752124769516077E+00
   0.1666666666666667E-01  -0.7071067811871984E+00
   0.2000000000000000E-01  -0.8312538755559171E+00
   0.2333333333333333E-01  -0.9462935785113257E+00
   0.2666666666666667E-01  -0.1050965490995626E+01
   0.3000000000000000E-01  -0.1144122805633704E+01
   0.3333333333333333E-01  -0.1224744871392375E+01
   0.3666666666666667E-01  -0.1291948376045827E+01
   0.4000000000000000E-01  -0.1344997023931084E+01
   0.4333333333333333E-01  -0.1383309602960215E+01
   0.4666666666666667E-01  -0.1406466352502548E+01
   0.5000000000000000E-01  -0.1414213562367878E+01
   0.5333333333333334E-01  -0.1406466352505052E+01
   0.5666666666666667E-01  -0.1383309602964121E+01
   0.6000000000000000E-01  -0.1344997023934612E+01
   0.6333333333333334E-01  -0.1291948376047252E+01
   0.6666666666666667E-01  -0.1224744871390861E+01
   0.7000000000000001E-01  -0.1144122805629884E+01
   0.7333333333333333E-01  -0.1050965490991550E+01
   0.7666666666666667E-01  -0.9462935785095292E+00
   0.8000000000000000E-01  -0.8312538755578042E+00
   0.8333333333333334E-01  -0.7071067811918104E+00
   0.8666666666666667E-01  -0.5752124769555075E+00
   0.9000000000000001E-01  -0.4370160244485271E+00
   0.9333333333333334E-01  -0.2940315329272413E+00
   0.9666666666666668E-01  -0.1478255704043222E+00
   0.1000000000000000E+00  -0.2372163415357477E-12
   0.1033333333333333E+00   0.1478255704037972E+00
   0.1066666666666667E+00   0.2940315329265991E+00
   0.1100000000000000E+00   0.4370160244477946E+00
   0.1133333333333333E+00   0.5752124769548096E+00
   0.1166666666666667E+00   0.7071067811913184E+00
   0.1200000000000000E+00   0.8312538755576467E+00
   0.1233333333333333E+00   0.9462935785097052E+00
   0.1266666666666667E+00   0.1050965490991893E+01
   0.1300000000000000E+00   0.1144122805630098E+01
   0.1333333333333333E+00   0.1224744871390647E+01
   0.1366666666666667E+00   0.1291948376046464E+01
   0.1400000000000000E+00   0.1344997023933381E+01
   0.1433333333333333E+00   0.1383309602962878E+01
   0.1466666666666667E+00   0.1406466352504392E+01
   0.1500000000000000E+00   0.1414213562368298E+01
   0.1533333333333333E+00   0.1406466352504148E+01
   0.1566666666666667E+00   0.1383309602962506E+01
   0.1600000000000000E+00   0.1344997023933073E+01
   0.1633333333333333E+00   0.1291948376046423E+01
   0.1666666666666667E+00   0.1224744871391017E+01
   0.1700000000000000E+00   0.1144122805630907E+01
   0.1733333333333333E+00   0.1050965490993040E+01
   0.1766666666666667E+00   0.9462935785109904E+00
   0.1800000000000000E+00   0.8312538755588271E+00
   0.1833333333333333E+00   0.7071067811921976E+00
   0.1866666666666667E+00   0.5752124769553008E+00
   0.1900000000000000E+00   0.4370160244479590E+00
   0.1933333333333334E+00   0.2940315329266263E+00
   0.1966666666666667E+00   0.1478255704039483E+00
   0.2000000000000000E+00   0.2726823827688433E-12
   0.2033333333333333E+00  -0.1478255704033394E+00
   0.2066666666666667E+00  -0.2940315329258487E+00
   0.2100000000000000E+00  -0.4370160244469619E+00
   0.2133333333333333E+00  -0.5752124769541133E+00
   0.2166666666666667E+00  -0.7071067811909192E+00
   0.2200000000000000E+00  -0.8312538755576018E+00
   0.2233333333333334E+00  -0.9462935785099645E+00
   0.2266666666666667E+00  -0.1050965490992320E+01
   0.2300000000000000E+00  -0.1144122805630525E+01
   0.2333333333333333E+00  -0.1224744871390918E+01
   0.2366666666666667E+00  -0.1291948376046485E+01
   0.2400000000000000E+00  -0.1344997023933139E+01
   0.2433333333333333E+00  -0.1383309602962435E+01
   0.2466666666666667E+00  -0.1406466352503862E+01
   0.2500000000000000E+00  -0.1414213562367809E+01
   0.2533333333333334E+00  -0.1406466352503804E+01
   0.2566666666666667E+00  -0.1383309602962363E+01
   0.2600000000000000E+00  -0.1344997023933125E+01
   0.2633333333333334E+00  -0.1291948376046608E+01
   0.2666666666666667E+00  -0.1224744871391243E+01
   0.2700000000000000E+00  -0.1144122805631074E+01
   0.2733333333333334E+00  -0.1050965490993073E+01
   0.2766666666666667E+00  -0.9462935785108575E+00
   0.2800000000000000E+00  -0.8312538755585436E+00
   0.2833333333333333E+00  -0.7071067811918205E+00
   0.2866666666666667E+00  -0.5752124769549054E+00
   0.2900000000000000E+00  -0.4370160244476228E+00
   0.2933333333333333E+00  -0.2940315329264098E+00
   0.2966666666666667E+00  -0.1478255704038701E+00
   0.3000000000000000E+00  -0.3172507038625361E-12
   0.3033333333333333E+00   0.1478255704032155E+00
   0.3066666666666667E+00   0.2940315329257093E+00
   0.3100000000000000E+00   0.4370160244468664E+00
   0.3133333333333334E+00   0.5752124769541080E+00
   0.3166666666666667E+00   0.7071067811910194E+00
   0.3200000000000000E+00   0.8312538755577916E+00
   0.3233333333333334E+00   0.9462935785102090E+00
   0.3266666666666667E+00   0.1050965490992569E+01
   0.3300000000000000E+00   0.1144122805630730E+01
   0.3333333333333334E+00   0.1224744871391048E+01
   0.3366666666666667E+00   0.1291948376046526E+01
   0.3400000000000000E+00   0.1344997023933103E+01
   0.3433333333333334E+00   0.1383309602962352E+01
   0.3466666666666667E+00   0.1406466352503770E+01
   0.3500000000000000E+00   0.1414213562367742E+01
   0.3533333333333333E+00   0.1406466352503788E+01
   0.3566666666666667E+00   0.1383309602962402E+01
   0.3600000000000000E+00   0.1344997023933207E+01
   0.3633333333333333E+00   0.1291948376046709E+01
   0.3666666666666667E+00   0.1224744871391327E+01
   0.3700000000000001E+00   0.1144122805631113E+01
   0.3733333333333334E+00   0.1050965490993048E+01
   0.3766666666666667E+00   0.9462935785107607E+00
   0.3800000000000000E+00   0.8312538755583881E+00
   0.3833333333333334E+00   0.7071067811916243E+00
   0.3866666666666667E+00   0.5752124769546983E+00
   0.3900000000000000E+00   0.4370160244474331E+00
   0.3933333333333334E+00   0.2940315329262517E+00
   0.3966666666666667E+00   0.1478255704037562E+00
   0.4000000000000000E+00   0.2411306761923628E-12
   0.4033333333333334E+00  -0.1478255704032689E+00
   0.4066666666666667E+00  -0.2940315329257520E+00
   0.4100000000000000E+00  -0.4370160244469190E+00
   0.4133333333333334E+00  -0.5752124769541777E+00
   0.4166666666666667E+00  -0.7071067811911053E+00
   0.4200000000000000E+00  -0.8312538755578905E+00
   0.4233333333333333E+00  -0.9462935785103019E+00
   0.4266666666666667E+00  -0.1050965490992643E+01
   0.4300000000000000E+00  -0.1144122805630771E+01
   0.4333333333333333E+00  -0.1224744871391045E+01
   0.4366666666666667E+00  -0.1291948376046481E+01
   0.4400000000000000E+00  -0.1344997023933022E+01
   0.4433333333333334E+00  -0.1383309602962248E+01
   0.4466666666666667E+00  -0.1406466352503658E+01
   0.4500000000000000E+00  -0.1414213562367636E+01
   0.4533333333333334E+00  -0.1406466352503697E+01
   0.4566666666666667E+00  -0.1383309602962330E+01
   0.4600000000000000E+00  -0.1344997023933152E+01
   0.4633333333333334E+00  -0.1291948376046662E+01
   0.4666666666666667E+00  -0.1224744871391281E+01
   0.4700000000000000E+00  -0.1144122805631060E+01
   0.4733333333333334E+00  -0.1050965490992982E+01
   0.4766666666666667E+00  -0.9462935785106862E+00
   0.4800000000000000E+00  -0.8312538755583064E+00
   0.4833333333333333E+00  -0.7071067811915472E+00
   0.4866666666666667E+00  -0.5752124769546335E+00
   0.4900000000000000E+00  -0.4370160244473854E+00
   0.4933333333333333E+00  -0.2940315329262296E+00
   0.4966666666666667E+00  -0.1478255704037544E+00
   0.5000000000000000E+00  -0.2598198962728459E-12
   0.5033333333333334E+00   0.1478255704032423E+00
   0.5066666666666667E+00   0.2940315329257223E+00
   0.5100000000000000E+00   0.4370160244468899E+00
   0.5133333333333334E+00   0.5752124769541569E+00
   0.5166666666666667E+00   0.7071067811910903E+00
   0.5200000000000000E+00   0.8312538755578752E+00
   0.5233333333333333E+00   0.9462935785102837E+00
   0.5266666666666667E+00   0.1050965490992618E+01
   0.5300000000000000E+00   0.1144122805630733E+01
   0.5333333333333333E+00   0.1224744871390994E+01
   0.5366666666666667E+00   0.1291948376046422E+01
   0.5400000000000000E+00   0.1344997023932957E+01
   0.5433333333333333E+00   0.1383309602962183E+01
   0.5466666666666667E+00   0.1406466352503600E+01
   0.5500000000000000E+00   0.1414213562367588E+01
   0.5533333333333333E+00   0.1406466352503658E+01
   0.5566666666666668E+00   0.1383309602962296E+01
   0.5600000000000001E+00   0.1344997023933118E+01
   0.5633333333333334E+00   0.1291948376046622E+01
   0.5666666666666667E+00   0.1224744871391230E+01
   0.5700000000000001E+00   0.1144122805630993E+01
   0.5733333333333334E+00   0.1050965490992904E+01
   0.5766666666666667E+00   0.9462935785105986E+00
   0.5800000000000001E+00   0.8312538755582132E+00
   0.5833333333333334E+00   0.7071067811914566E+00
   0.5866666666666667E+00   0.5752124769545526E+00
   0.5900000000000001E+00   0.4370160244473115E+00
   0.5933333333333334E+00   0.2940315329261631E+00
   0.5966666666666667E+00   0.1478255704036932E+00
   0.6000000000000001E+00   0.1906359633897848E-12
   0.6033333333333334E+00  -0.1478255704033149E+00
   0.6066666666666667E+00  -0.2940315329258066E+00
   0.6100000000000000E+00  -0.4370160244469853E+00
   0.6133333333333334E+00  -0.5752124769542583E+00
   0.6166666666666667E+00  -0.7071067811911895E+00
   0.6200000000000000E+00  -0.8312538755579632E+00
   0.6233333333333334E+00  -0.9462935785103556E+00
   0.6266666666666667E+00  -0.1050965490992663E+01
   0.6300000000000000E+00  -0.1144122805630754E+01
   0.6333333333333334E+00  -0.1224744871391000E+01
   0.6366666666666667E+00  -0.1291948376046418E+01
   0.6400000000000000E+00  -0.1344997023932957E+01
   0.6433333333333334E+00  -0.1383309602962198E+01
   0.6466666666666667E+00  -0.1406466352503632E+01
   0.6500000000000000E+00  -0.1414213562367637E+01
   0.6533333333333333E+00  -0.1406466352503718E+01
   0.6566666666666667E+00  -0.1383309602962354E+01
   0.6600000000000000E+00  -0.1344997023933160E+01
   0.6633333333333333E+00  -0.1291948376046638E+01
   0.6666666666666667E+00  -0.1224744871391212E+01
   0.6700000000000000E+00  -0.1144122805630949E+01
   0.6733333333333333E+00  -0.1050965490992841E+01
   0.6766666666666667E+00  -0.9462935785105281E+00
   0.6800000000000000E+00  -0.8312538755581602E+00
   0.6833333333333333E+00  -0.7071067811914314E+00
   0.6866666666666668E+00  -0.5752124769545572E+00
   0.6900000000000001E+00  -0.4370160244473523E+00
   0.6933333333333334E+00  -0.2940315329262232E+00
   0.6966666666666667E+00  -0.1478255704037531E+00
   0.7000000000000001E+00  -0.2293033875674747E-12
   0.7033333333333334E+00   0.1478255704033151E+00
   0.7066666666666667E+00   0.2940315329258535E+00
   0.7100000000000001E+00   0.4370160244470797E+00
   0.7133333333333334E+00   0.5752124769543755E+00
   0.7166666666666667E+00   0.7071067811913097E+00
   0.7200000000000001E+00   0.8312538755580647E+00
   0.7233333333333334E+00   0.9462935785104092E+00
   0.7266666666666667E+00   0.1050965490992662E+01
   0.7300000000000001E+00   0.1144122805630706E+01
   0.7333333333333334E+00   0.1224744871390918E+01
   0.7366666666666667E+00   0.1291948376046332E+01
   0.7400000000000001E+00   0.1344997023932901E+01
   0.7433333333333334E+00   0.1383309602962192E+01
   0.7466666666666667E+00   0.1406466352503688E+01
   0.7500000000000000E+00   0.1414213562367748E+01
   0.7533333333333334E+00   0.1406466352503855E+01
   0.7566666666666667E+00   0.1383309602962483E+01
   0.7600000000000000E+00   0.1344997023933240E+01
   0.7633333333333334E+00   0.1291948376046636E+01
   0.7666666666666667E+00   0.1224744871391120E+01
   0.7700000000000000E+00   0.1144122805630777E+01
   0.7733333333333334E+00   0.1050965490992618E+01
   0.7766666666666667E+00   0.9462935785103113E+00
   0.7800000000000000E+00   0.8312538755579958E+00
   0.7833333333333334E+00   0.7071067811913542E+00
   0.7866666666666667E+00   0.5752124769545900E+00
   0.7900000000000000E+00   0.4370160244474760E+00
   0.7933333333333333E+00   0.2940315329263945E+00
   0.7966666666666667E+00   0.1478255704039063E+00
   0.8000000000000000E+00   0.3115502297699306E-12
   0.8033333333333333E+00  -0.1478255704033550E+00
   0.8066666666666668E+00  -0.2940315329260360E+00
   0.8100000000000001E+00  -0.4370160244473726E+00
   0.8133333333333334E+00  -0.5752124769547261E+00
   0.8166666666666668E+00  -0.7071067811916443E+00
   0.8200000000000001E+00  -0.8312538755582951E+00
   0.8233333333333334E+00  -0.9462935785104828E+00
   0.8266666666666668E+00  -0.1050965490992566E+01
   0.8300000000000001E+00  -0.1144122805630467E+01
   0.8333333333333334E+00  -0.1224744871390614E+01
   0.8366666666666667E+00  -0.1291948376046063E+01
   0.8400000000000001E+00  -0.1344997023932761E+01
   0.8433333333333334E+00  -0.1383309602962245E+01
   0.8466666666666667E+00  -0.1406466352503942E+01
   0.8500000000000001E+00  -0.1414213562368149E+01
   0.8533333333333334E+00  -0.1406466352504300E+01
   0.8566666666666667E+00  -0.1383309602962842E+01
   0.8600000000000001E+00  -0.1344997023933398E+01
   0.8633333333333334E+00  -0.1291948376046532E+01
   0.8666666666666667E+00  -0.1224744871390763E+01
   0.8700000000000001E+00  -0.1144122805630257E+01
   0.8733333333333334E+00  -0.1050965490992092E+01
   0.8766666666666667E+00  -0.9462935785099448E+00
   0.8800000000000000E+00  -0.8312538755579217E+00
   0.8833333333333334E+00  -0.7071067811916218E+00
   0.8866666666666667E+00  -0.5752124769551417E+00
   0.8900000000000000E+00  -0.4370160244481505E+00
   0.8933333333333334E+00  -0.2940315329269664E+00
   0.8966666666666667E+00  -0.1478255704041725E+00
   0.9000000000000000E+00  -0.1377442190763058E-12
   0.9033333333333334E+00   0.1478255704039625E+00
   0.9066666666666667E+00   0.2940315329269000E+00
   0.9100000000000000E+00   0.4370160244482111E+00
   0.9133333333333334E+00   0.5752124769552251E+00
   0.9166666666666667E+00   0.7071067811915578E+00
   0.9200000000000000E+00   0.8312538755575782E+00
   0.9233333333333333E+00   0.9462935785093247E+00
   0.9266666666666667E+00   0.1050965490991364E+01
   0.9300000000000000E+00   0.1144122805629707E+01
   0.9333333333333333E+00   0.1224744871390689E+01
   0.9366666666666668E+00   0.1291948376047087E+01
   0.9400000000000001E+00   0.1344997023934454E+01
   0.9433333333333334E+00   0.1383309602963977E+01
   0.9466666666666668E+00   0.1406466352504928E+01
   0.9500000000000001E+00   0.1414213562367775E+01
   0.9533333333333334E+00   0.1406466352502468E+01
   0.9566666666666668E+00   0.1383309602960150E+01
   0.9600000000000001E+00   0.1344997023931027E+01
   0.9633333333333334E+00   0.1291948376045772E+01
   0.9666666666666667E+00   0.1224744871392323E+01
   0.9700000000000001E+00   0.1144122805633660E+01
   0.9733333333333334E+00   0.1050965490995605E+01
   0.9766666666666667E+00   0.9462935785113312E+00
   0.9800000000000001E+00   0.8312538755558969E+00
   0.9833333333333334E+00   0.7071067811872100E+00
   0.9866666666666667E+00   0.5752124769515720E+00
   0.9900000000000001E+00   0.4370160244484550E+00
   0.9933333333333334E+00   0.2940315329305891E+00
   0.9966666666666667E+00   0.1478255704070891E+00
   0.1000000000000000E+01   0.6961477365966733E-16
