   0.0000000000000000E+00   0.0000000000000000E+00
   0.3333333333333334E-02   0.8879920430677210E-01
   0.6666666666666667E-02   0.1772479587226940E+00
   0.1000000000000000E-01   0.2649971964224375E+00
   0.1333333333333333E-01   0.3517006112535649E+00
   0.1666666666666667E-01   0.4370160244487789E+00
   0.2000000000000000E-01   0.5206067350491789E+00
   0.2333333333333333E-01   0.6021428487089008E+00
   0.2666666666666667E-01   0.6813025796376927E+00
   0.3000000000000000E-01   0.7577735205421866E+00
   0.3333333333333333E-01   0.8312538755548825E+00
   0.3666666666666667E-01   0.9014536512845315E+00
   0.4000000000000000E-01   0.9680958012875620E+00
   0.4333333333333333E-01   0.1030917319443819E+01
   0.4666666666666667E-01   0.1089670277921566E+01
   0.5000000000000000E-01   0.1144122805635363E+01
   0.5333333333333334E-01   0.1194060003335312E+01
   0.5666666666666667E-01   0.1239284791716217E+01
   0.6000000000000000E-01   0.1279618689199572E+01
   0.6333333333333334E-01   0.1314902516318815E+01
   0.6666666666666667E-01   0.1344997023927965E+01
   0.7000000000000001E-01   0.1369783442754372E+01
   0.7333333333333333E-01   0.1389163952126770E+01
   0.7666666666666667E-01   0.1403062066028774E+01
   0.8000000000000000E-01   0.1411422934954249E+01
   0.8333333333333334E-01   0.1414213562373256E+01
   0.8666666666666667E-01   0.1411422934954289E+01
   0.9000000000000001E-01   0.1403062066028860E+01
   0.9333333333333334E-01   0.1389163952126901E+01
   0.9666666666666668E-01   0.1369783442754540E+01
   0.1000000000000000E+00   0.1344997023928150E+01
   0.1033333333333333E+00   0.1314902516319001E+01
   0.1066666666666667E+00   0.1279618689199757E+01
   0.1100000000000000E+00   0.1239284791716419E+01
   0.1133333333333333E+00   0.1194060003335553E+01
   0.1166666666666667E+00   0.1144122805635654E+01
   0.1200000000000000E+00   0.1089670277921902E+01
   0.1233333333333333E+00   0.1030917319444182E+01
   0.1266666666666667E+00   0.9680958012879295E+00
   0.1300000000000000E+00   0.9014536512848925E+00
   0.1333333333333333E+00   0.8312538755552350E+00
   0.1366666666666667E+00   0.7577735205425362E+00
   0.1400000000000000E+00   0.6813025796380486E+00
   0.1433333333333333E+00   0.6021428487092687E+00
   0.1466666666666667E+00   0.5206067350495316E+00
   0.1500000000000000E+00   0.4370160244491475E+00
   0.1533333333333333E+00   0.3517006112538980E+00
   0.1566666666666667E+00   0.2649971964227608E+00
   0.1600000000000000E+00   0.1772479587230491E+00
   0.1633333333333333E+00   0.8879920430714541E-01
   0.1666666666666667E+00   0.3330953012551886E-12
   0.1700000000000000E+00  -0.8879920430648525E-01
   0.1733333333333333E+00  -0.1772479587224053E+00
   0.1766666666666667E+00  -0.2649971964221357E+00
   0.1800000000000000E+00  -0.3517006112532878E+00
   0.1833333333333333E+00  -0.4370160244485458E+00
   0.1866666666666667E+00  -0.5206067350489370E+00
   0.1900000000000000E+00  -0.6021428487086867E+00
   0.1933333333333334E+00  -0.6813025796374869E+00
   0.1966666666666667E+00  -0.7577735205419963E+00
   0.2000000000000000E+00  -0.8312538755547124E+00
   0.2033333333333333E+00  -0.9014536512843816E+00
   0.2066666666666667E+00  -0.9680958012874317E+00
   0.2100000000000000E+00  -0.1030917319443706E+01
   0.2133333333333333E+00  -0.1089670277921464E+01
   0.2166666666666667E+00  -0.1144122805635263E+01
   0.2200000000000000E+00  -0.1194060003335204E+01
   0.2233333333333334E+00  -0.1239284791716098E+01
   0.2266666666666667E+00  -0.1279618689199453E+01
   0.2300000000000000E+00  -0.1314902516318711E+01
   0.2333333333333333E+00  -0.1344997023927884E+01
   0.2366666666666667E+00  -0.1369783442754307E+01
   0.2400000000000000E+00  -0.1389163952126702E+01
   0.2433333333333333E+00  -0.1403062066028689E+01
   0.2466666666666667E+00  -0.1411422934954142E+01
   0.2500000000000000E+00  -0.1414213562373140E+01
   0.2533333333333334E+00  -0.1411422934954178E+01
   0.2566666666666667E+00  -0.1403062066028759E+01
   0.2600000000000000E+00  -0.1389163952126808E+01
   0.2633333333333334E+00  -0.1369783442754445E+01
   0.2666666666666667E+00  -0.1344997023928054E+01
   0.2700000000000000E+00  -0.1314902516318911E+01
   0.2733333333333334E+00  -0.1279618689199683E+01
   0.2766666666666667E+00  -0.1239284791716360E+01
   0.2800000000000000E+00  -0.1194060003335496E+01
   0.2833333333333333E+00  -0.1144122805635587E+01
   0.2866666666666667E+00  -0.1089670277921819E+01
   0.2900000000000000E+00  -0.1030917319444091E+01
   0.2933333333333333E+00  -0.9680958012878462E+00
   0.2966666666666667E+00  -0.9014536512848237E+00
   0.3000000000000000E+00  -0.8312538755551789E+00
   0.3033333333333333E+00  -0.7577735205424860E+00
   0.3066666666666667E+00  -0.6813025796379962E+00
   0.3100000000000000E+00  -0.6021428487092154E+00
   0.3133333333333334E+00  -0.5206067350494803E+00
   0.3166666666666667E+00  -0.4370160244491022E+00
   0.3200000000000000E+00  -0.3517006112538564E+00
   0.3233333333333334E+00  -0.2649971964227134E+00
   0.3266666666666667E+00  -0.1772479587229899E+00
   0.3300000000000000E+00  -0.8879920430707230E-01
   0.3333333333333334E+00  -0.2530781198857730E-12
   0.3366666666666667E+00   0.8879920430656128E-01
   0.3400000000000000E+00   0.1772479587224717E+00
   0.3433333333333334E+00   0.2649971964221923E+00
   0.3466666666666667E+00   0.3517006112533376E+00
   0.3500000000000000E+00   0.4370160244485962E+00
   0.3533333333333333E+00   0.5206067350489864E+00
   0.3566666666666667E+00   0.6021428487087304E+00
   0.3600000000000000E+00   0.6813025796375161E+00
   0.3633333333333333E+00   0.7577735205420086E+00
   0.3666666666666667E+00   0.8312538755547161E+00
   0.3700000000000001E+00   0.9014536512843864E+00
   0.3733333333333334E+00   0.9680958012874410E+00
   0.3766666666666667E+00   0.1030917319443717E+01
   0.3800000000000000E+00   0.1089670277921467E+01
   0.3833333333333334E+00   0.1144122805635253E+01
   0.3866666666666667E+00   0.1194060003335186E+01
   0.3900000000000000E+00   0.1239284791716085E+01
   0.3933333333333334E+00   0.1279618689199454E+01
   0.3966666666666667E+00   0.1314902516318724E+01
   0.4000000000000000E+00   0.1344997023927897E+01
   0.4033333333333334E+00   0.1369783442754309E+01
   0.4066666666666667E+00   0.1389163952126693E+01
   0.4100000000000000E+00   0.1403062066028678E+01
   0.4133333333333334E+00   0.1411422934954138E+01
   0.4166666666666667E+00   0.1414213562373140E+01
   0.4200000000000000E+00   0.1411422934954170E+01
   0.4233333333333333E+00   0.1403062066028730E+01
   0.4266666666666667E+00   0.1389163952126754E+01
   0.4300000000000000E+00   0.1369783442754379E+01
   0.4333333333333333E+00   0.1344997023927987E+01
   0.4366666666666667E+00   0.1314902516318846E+01
   0.4400000000000000E+00   0.1279618689199611E+01
   0.4433333333333334E+00   0.1239284791716269E+01
   0.4466666666666667E+00   0.1194060003335383E+01
   0.4500000000000000E+00   0.1144122805635460E+01
   0.4533333333333334E+00   0.1089670277921688E+01
   0.4566666666666667E+00   0.1030917319443962E+01
   0.4600000000000000E+00   0.9680958012877131E+00
   0.4633333333333334E+00   0.9014536512846785E+00
   0.4666666666666667E+00   0.8312538755550184E+00
   0.4700000000000000E+00   0.7577735205423128E+00
   0.4733333333333334E+00   0.6813025796378224E+00
   0.4766666666666667E+00   0.6021428487090492E+00
   0.4800000000000000E+00   0.5206067350493226E+00
   0.4833333333333333E+00   0.4370160244489480E+00
   0.4866666666666667E+00   0.3517006112536981E+00
   0.4900000000000000E+00   0.2649971964225524E+00
   0.4933333333333333E+00   0.1772479587228326E+00
   0.4966666666666667E+00   0.8879920430692584E-01
   0.5000000000000000E+00   0.1217311908508263E-12
   0.5033333333333334E+00  -0.8879920430668596E-01
   0.5066666666666667E+00  -0.1772479587225927E+00
   0.5100000000000000E+00  -0.2649971964223148E+00
   0.5133333333333334E+00  -0.3517006112534651E+00
   0.5166666666666667E+00  -0.4370160244487177E+00
   0.5200000000000000E+00  -0.5206067350490962E+00
   0.5233333333333333E+00  -0.6021428487088263E+00
   0.5266666666666667E+00  -0.6813025796376068E+00
   0.5300000000000000E+00  -0.7577735205421008E+00
   0.5333333333333333E+00  -0.8312538755548103E+00
   0.5366666666666667E+00  -0.9014536512844787E+00
   0.5400000000000000E+00  -0.9680958012875185E+00
   0.5433333333333333E+00  -0.1030917319443773E+01
   0.5466666666666667E+00  -0.1089670277921507E+01
   0.5500000000000000E+00  -0.1144122805635285E+01
   0.5533333333333333E+00  -0.1194060003335215E+01
   0.5566666666666668E+00  -0.1239284791716110E+01
   0.5600000000000001E+00  -0.1279618689199460E+01
   0.5633333333333334E+00  -0.1314902516318704E+01
   0.5666666666666667E+00  -0.1344997023927853E+01
   0.5700000000000001E+00  -0.1369783442754256E+01
   0.5733333333333334E+00  -0.1389163952126643E+01
   0.5766666666666667E+00  -0.1403062066028630E+01
   0.5800000000000001E+00  -0.1411422934954083E+01
   0.5833333333333334E+00  -0.1414213562373068E+01
   0.5866666666666667E+00  -0.1411422934954083E+01
   0.5900000000000001E+00  -0.1403062066028640E+01
   0.5933333333333334E+00  -0.1389163952126676E+01
   0.5966666666666667E+00  -0.1369783442754314E+01
   0.6000000000000001E+00  -0.1344997023927925E+01
   0.6033333333333334E+00  -0.1314902516318779E+01
   0.6066666666666667E+00  -0.1279618689199536E+01
   0.6100000000000000E+00  -0.1239284791716197E+01
   0.6133333333333334E+00  -0.1194060003335326E+01
   0.6166666666666667E+00  -0.1144122805635424E+01
   0.6200000000000000E+00  -0.1089670277921670E+01
   0.6233333333333334E+00  -0.1030917319443948E+01
   0.6266666666666667E+00  -0.9680958012877023E+00
   0.6300000000000000E+00  -0.9014536512846758E+00
   0.6333333333333334E+00  -0.8312538755550301E+00
   0.6366666666666667E+00  -0.7577735205423481E+00
   0.6400000000000000E+00  -0.6813025796378772E+00
   0.6433333333333334E+00  -0.6021428487091103E+00
   0.6466666666666667E+00  -0.5206067350493860E+00
   0.6500000000000000E+00  -0.4370160244490127E+00
   0.6533333333333333E+00  -0.3517006112537710E+00
   0.6566666666666667E+00  -0.2649971964226375E+00
   0.6600000000000000E+00  -0.1772479587229325E+00
   0.6633333333333333E+00  -0.8879920430703701E-01
   0.6666666666666667E+00  -0.2326404507642367E-12
   0.6700000000000000E+00   0.8879920430657300E-01
   0.6733333333333333E+00   0.1772479587224786E+00
   0.6766666666666667E+00   0.2649971964221960E+00
   0.6800000000000000E+00   0.3517006112533309E+00
   0.6833333333333333E+00   0.4370160244485725E+00
   0.6866666666666668E+00   0.5206067350489509E+00
   0.6900000000000001E+00   0.6021428487086863E+00
   0.6933333333333334E+00   0.6813025796374720E+00
   0.6966666666666667E+00   0.7577735205419682E+00
   0.7000000000000001E+00   0.8312538755546734E+00
   0.7033333333333334E+00   0.9014536512843292E+00
   0.7066666666666667E+00   0.9680958012873651E+00
   0.7100000000000001E+00   0.1030917319443629E+01
   0.7133333333333334E+00   0.1089670277921374E+01
   0.7166666666666667E+00   0.1144122805635160E+01
   0.7200000000000001E+00   0.1194060003335092E+01
   0.7233333333333334E+00   0.1239284791715977E+01
   0.7266666666666667E+00   0.1279618689199324E+01
   0.7300000000000001E+00   0.1314902516318578E+01
   0.7333333333333334E+00   0.1344997023927746E+01
   0.7366666666666667E+00   0.1369783442754164E+01
   0.7400000000000001E+00   0.1389163952126556E+01
   0.7433333333333334E+00   0.1403062066028536E+01
   0.7466666666666667E+00   0.1411422934953984E+01
   0.7500000000000000E+00   0.1414213562372975E+01
   0.7533333333333334E+00   0.1411422934954006E+01
   0.7566666666666667E+00   0.1403062066028581E+01
   0.7600000000000000E+00   0.1389163952126624E+01
   0.7633333333333334E+00   0.1369783442754255E+01
   0.7666666666666667E+00   0.1344997023927861E+01
   0.7700000000000000E+00   0.1314902516318716E+01
   0.7733333333333334E+00   0.1279618689199486E+01
   0.7766666666666667E+00   0.1239284791716160E+01
   0.7800000000000000E+00   0.1194060003335295E+01
   0.7833333333333334E+00   0.1144122805635383E+01
   0.7866666666666667E+00   0.1089670277921614E+01
   0.7900000000000000E+00   0.1030917319443885E+01
   0.7933333333333333E+00   0.9680958012876397E+00
   0.7966666666666667E+00   0.9014536512846165E+00
   0.8000000000000000E+00   0.8312538755549745E+00
   0.8033333333333333E+00   0.7577735205422844E+00
   0.8066666666666668E+00   0.6813025796377974E+00
   0.8100000000000001E+00   0.6021428487090217E+00
   0.8133333333333334E+00   0.5206067350492936E+00
   0.8166666666666668E+00   0.4370160244489201E+00
   0.8200000000000001E+00   0.3517006112536807E+00
   0.8233333333333334E+00   0.2649971964225461E+00
   0.8266666666666668E+00   0.1772479587228283E+00
   0.8300000000000001E+00   0.8879920430692205E-01
   0.8333333333333334E+00   0.1160280278307017E-12
   0.8366666666666667E+00  -0.8879920430668467E-01
   0.8400000000000001E+00  -0.1772479587225821E+00
   0.8433333333333334E+00  -0.2649971964222858E+00
   0.8466666666666667E+00  -0.3517006112534163E+00
   0.8500000000000001E+00  -0.4370160244486629E+00
   0.8533333333333334E+00  -0.5206067350490423E+00
   0.8566666666666667E+00  -0.6021428487087770E+00
   0.8600000000000001E+00  -0.6813025796375582E+00
   0.8633333333333334E+00  -0.7577735205420473E+00
   0.8666666666666667E+00  -0.8312538755547495E+00
   0.8700000000000001E+00  -0.9014536512844158E+00
   0.8733333333333334E+00  -0.9680958012874624E+00
   0.8766666666666667E+00  -0.1030917319443726E+01
   0.8800000000000000E+00  -0.1089670277921461E+01
   0.8833333333333334E+00  -0.1144122805635230E+01
   0.8866666666666667E+00  -0.1194060003335145E+01
   0.8900000000000000E+00  -0.1239284791716027E+01
   0.8933333333333334E+00  -0.1279618689199383E+01
   0.8966666666666667E+00  -0.1314902516318642E+01
   0.9000000000000000E+00  -0.1344997023927807E+01
   0.9033333333333334E+00  -0.1369783442754214E+01
   0.9066666666666667E+00  -0.1389163952126593E+01
   0.9100000000000000E+00  -0.1403062066028572E+01
   0.9133333333333334E+00  -0.1411422934954023E+01
   0.9166666666666667E+00  -0.1414213562373012E+01
   0.9200000000000000E+00  -0.1411422934954027E+01
   0.9233333333333333E+00  -0.1403062066028573E+01
   0.9266666666666667E+00  -0.1389163952126586E+01
   0.9300000000000000E+00  -0.1369783442754205E+01
   0.9333333333333333E+00  -0.1344997023927813E+01
   0.9366666666666668E+00  -0.1314902516318677E+01
   0.9400000000000001E+00  -0.1279618689199448E+01
   0.9433333333333334E+00  -0.1239284791716112E+01
   0.9466666666666668E+00  -0.1194060003335226E+01
   0.9500000000000001E+00  -0.1144122805635299E+01
   0.9533333333333334E+00  -0.1089670277921523E+01
   0.9566666666666668E+00  -0.1030917319443790E+01
   0.9600000000000001E+00  -0.9680958012875415E+00
   0.9633333333333334E+00  -0.9014536512845155E+00
   0.9666666666666667E+00  -0.8312538755548692E+00
   0.9700000000000001E+00  -0.7577735205421776E+00
   0.9733333333333334E+00  -0.6813025796376970E+00
   0.9766666666666667E+00  -0.6021428487089220E+00
   0.9800000000000001E+00  -0.5206067350491846E+00
   0.9833333333333334E+00  -0.4370160244488031E+00
   0.9866666666666667E+00  -0.3517006112535585E+00
   0.9900000000000001E+00  -0.2649971964224240E+00
   0.9933333333333334E+00  -0.1772479587227094E+00
   0.9966666666666667E+00  -0.8879920430680113E-01
   0.1000000000000000E+01  -0.6524097707540170E-16
