   0.0000000000000000E+00   0.0000000000000000E+00
   0.3333333333333334E-02  -0.5922111743704706E-01
   0.6666666666666667E-02  -0.1183383409106707E+00
   0.1000000000000000E-01  -0.1772479587227063E+00
   0.1333333333333333E-01  -0.2358466233858542E+00
   0.1666666666666667E-01  -0.2940315329303476E+00
   0.2000000000000000E-01  -0.3517006112535328E+00
   0.2333333333333333E-01  -0.4087526871958888E+00
   0.2666666666666667E-01  -0.4650876720298225E+00
   0.3000000000000000E-01  -0.5206067350491552E+00
   0.3333333333333333E-01  -0.5752124769518466E+00
   0.3666666666666667E-01  -0.6288091007114488E+00
   0.4000000000000000E-01  -0.6813025796376392E+00
   0.4333333333333333E-01  -0.7326008223309796E+00
   0.4666666666666667E-01  -0.7826138342425255E+00
   0.5000000000000000E-01  -0.8312538755548452E+00
   0.5333333333333334E-01  -0.8784356151074750E+00
   0.5666666666666667E-01  -0.9240762800967742E+00
   0.6000000000000000E-01  -0.9680958012875490E+00
   0.6333333333333334E-01  -0.1010416953481698E+01
   0.6666666666666667E-01  -0.1050965490997451E+01
   0.7000000000000001E-01  -0.1089670277921523E+01
   0.7333333333333333E-01  -0.1126463412905674E+01
   0.7666666666666667E-01  -0.1161280348288752E+01
   0.8000000000000000E-01  -0.1194060003335219E+01
   0.8333333333333334E-01  -0.1224744871391519E+01
   0.8666666666666667E-01  -0.1253281120772294E+01
   0.9000000000000001E-01  -0.1279618689199445E+01
   0.9333333333333334E-01  -0.1303711371628386E+01
   0.9666666666666668E-01  -0.1325516901307389E+01
   0.1000000000000000E+00  -0.1344997023927830E+01
   0.1033333333333333E+00  -0.1362117564735244E+01
   0.1066666666666667E+00  -0.1376848488483458E+01
   0.1100000000000000E+00  -0.1389163952126616E+01
   0.1133333333333333E+00  -0.1399042350156665E+01
   0.1166666666666667E+00  -0.1406466352506757E+01
   0.1200000000000000E+00  -0.1411422934954074E+01
   0.1233333333333333E+00  -0.1413903401968746E+01
   0.1266666666666667E+00  -0.1413903401968758E+01
   0.1300000000000000E+00  -0.1411422934954111E+01
   0.1333333333333333E+00  -0.1406466352506818E+01
   0.1366666666666667E+00  -0.1399042350156750E+01
   0.1400000000000000E+00  -0.1389163952126723E+01
   0.1433333333333333E+00  -0.1376848488483585E+01
   0.1466666666666667E+00  -0.1362117564735389E+01
   0.1500000000000000E+00  -0.1344997023927991E+01
   0.1533333333333333E+00  -0.1325516901307565E+01
   0.1566666666666667E+00  -0.1303711371628577E+01
   0.1600000000000000E+00  -0.1279618689199652E+01
   0.1633333333333333E+00  -0.1253281120772516E+01
   0.1666666666666667E+00  -0.1224744871391758E+01
   0.1700000000000000E+00  -0.1194060003335474E+01
   0.1733333333333333E+00  -0.1161280348289023E+01
   0.1766666666666667E+00  -0.1126463412905959E+01
   0.1800000000000000E+00  -0.1089670277921819E+01
   0.1833333333333333E+00  -0.1050965490997756E+01
   0.1866666666666667E+00  -0.1010416953482013E+01
   0.1900000000000000E+00  -0.9680958012878744E+00
   0.1933333333333334E+00  -0.9240762800971147E+00
   0.1966666666666667E+00  -0.8784356151078356E+00
   0.2000000000000000E+00  -0.8312538755552292E+00
   0.2033333333333333E+00  -0.7826138342429328E+00
   0.2066666666666667E+00  -0.7326008223314057E+00
   0.2100000000000000E+00  -0.6813025796380762E+00
   0.2133333333333333E+00  -0.6288091007118891E+00
   0.2166666666666667E+00  -0.5752124769522851E+00
   0.2200000000000000E+00  -0.5206067350495941E+00
   0.2233333333333334E+00  -0.4650876720302686E+00
   0.2266666666666667E+00  -0.4087526871963508E+00
   0.2300000000000000E+00  -0.3517006112539948E+00
   0.2333333333333333E+00  -0.2940315329308289E+00
   0.2366666666666667E+00  -0.2358466233863158E+00
   0.2400000000000000E+00  -0.1772479587231622E+00
   0.2433333333333333E+00  -0.1183383409111462E+00
   0.2466666666666667E+00  -0.5922111743753320E-01
   0.2500000000000000E+00  -0.4631985335644389E-12
   0.2533333333333334E+00   0.5922111743660845E-01
   0.2566666666666667E+00   0.1183383409102253E+00
   0.2600000000000000E+00   0.1772479587222457E+00
   0.2633333333333334E+00   0.2358466233854069E+00
   0.2666666666666667E+00   0.2940315329299276E+00
   0.2700000000000000E+00   0.3517006112531035E+00
   0.2733333333333334E+00   0.4087526871954712E+00
   0.2766666666666667E+00   0.4650876720294009E+00
   0.2800000000000000E+00   0.5206067350487402E+00
   0.2833333333333333E+00   0.5752124769514471E+00
   0.2866666666666667E+00   0.6288091007110701E+00
   0.2900000000000000E+00   0.6813025796372788E+00
   0.2933333333333333E+00   0.7326008223306314E+00
   0.2966666666666667E+00   0.7826138342421851E+00
   0.3000000000000000E+00   0.8312538755545108E+00
   0.3033333333333333E+00   0.8784356151071478E+00
   0.3066666666666667E+00   0.9240762800964597E+00
   0.3100000000000000E+00   0.9680958012872520E+00
   0.3133333333333334E+00   0.1010416953481424E+01
   0.3166666666666667E+00   0.1050965490997201E+01
   0.3200000000000000E+00   0.1089670277921295E+01
   0.3233333333333334E+00   0.1126463412905467E+01
   0.3266666666666667E+00   0.1161280348288563E+01
   0.3300000000000000E+00   0.1194060003335047E+01
   0.3333333333333334E+00   0.1224744871391364E+01
   0.3366666666666667E+00   0.1253281120772156E+01
   0.3400000000000000E+00   0.1279618689199325E+01
   0.3433333333333334E+00   0.1303711371628285E+01
   0.3466666666666667E+00   0.1325516901307305E+01
   0.3500000000000000E+00   0.1344997023927761E+01
   0.3533333333333333E+00   0.1362117564735187E+01
   0.3566666666666667E+00   0.1376848488483408E+01
   0.3600000000000000E+00   0.1389163952126570E+01
   0.3633333333333333E+00   0.1399042350156618E+01
   0.3666666666666667E+00   0.1406466352506709E+01
   0.3700000000000001E+00   0.1411422934954026E+01
   0.3733333333333334E+00   0.1413903401968699E+01
   0.3766666666666667E+00   0.1413903401968716E+01
   0.3800000000000000E+00   0.1411422934954076E+01
   0.3833333333333334E+00   0.1406466352506792E+01
   0.3866666666666667E+00   0.1399042350156733E+01
   0.3900000000000000E+00   0.1389163952126714E+01
   0.3933333333333334E+00   0.1376848488483581E+01
   0.3966666666666667E+00   0.1362117564735387E+01
   0.4000000000000000E+00   0.1344997023927988E+01
   0.4033333333333334E+00   0.1325516901307558E+01
   0.4066666666666667E+00   0.1303711371628564E+01
   0.4100000000000000E+00   0.1279618689199630E+01
   0.4133333333333334E+00   0.1253281120772487E+01
   0.4166666666666667E+00   0.1224744871391723E+01
   0.4200000000000000E+00   0.1194060003335432E+01
   0.4233333333333333E+00   0.1161280348288974E+01
   0.4266666666666667E+00   0.1126463412905902E+01
   0.4300000000000000E+00   0.1089670277921754E+01
   0.4333333333333333E+00   0.1050965490997681E+01
   0.4366666666666667E+00   0.1010416953481925E+01
   0.4400000000000000E+00   0.9680958012877741E+00
   0.4433333333333334E+00   0.9240762800969999E+00
   0.4466666666666667E+00   0.8784356151077057E+00
   0.4500000000000000E+00   0.8312538755550856E+00
   0.4533333333333334E+00   0.7826138342427760E+00
   0.4566666666666667E+00   0.7326008223312368E+00
   0.4600000000000000E+00   0.6813025796378973E+00
   0.4633333333333334E+00   0.6288091007116999E+00
   0.4666666666666667E+00   0.5752124769520869E+00
   0.4700000000000000E+00   0.5206067350493859E+00
   0.4733333333333334E+00   0.4650876720300509E+00
   0.4766666666666667E+00   0.4087526871961235E+00
   0.4800000000000000E+00   0.3517006112537567E+00
   0.4833333333333333E+00   0.2940315329305813E+00
   0.4866666666666667E+00   0.2358466233860584E+00
   0.4900000000000000E+00   0.1772479587228952E+00
   0.4933333333333333E+00   0.1183383409108718E+00
   0.4966666666666667E+00   0.5922111743725133E-01
   0.5000000000000000E+00   0.1758088279227518E-12
   0.5033333333333334E+00  -0.5922111743690212E-01
   0.5066666666666667E+00  -0.1183383409105228E+00
   0.5100000000000000E+00  -0.1772479587225480E+00
   0.5133333333333334E+00  -0.2358466233857147E+00
   0.5166666666666667E+00  -0.2940315329302396E+00
   0.5200000000000000E+00  -0.3517006112534183E+00
   0.5233333333333333E+00  -0.4087526871957879E+00
   0.5266666666666667E+00  -0.4650876720297215E+00
   0.5300000000000000E+00  -0.5206067350490600E+00
   0.5333333333333333E+00  -0.5752124769517656E+00
   0.5366666666666667E+00  -0.6288091007113868E+00
   0.5400000000000000E+00  -0.6813025796375903E+00
   0.5433333333333333E+00  -0.7326008223309376E+00
   0.5466666666666667E+00  -0.7826138342424861E+00
   0.5500000000000000E+00  -0.8312538755548038E+00
   0.5533333333333333E+00  -0.8784356151074332E+00
   0.5566666666666668E+00  -0.9240762800967378E+00
   0.5600000000000001E+00  -0.9680958012875205E+00
   0.5633333333333334E+00  -0.1010416953481681E+01
   0.5666666666666667E+00  -0.1050965490997446E+01
   0.5700000000000001E+00  -0.1089670277921530E+01
   0.5733333333333334E+00  -0.1126463412905690E+01
   0.5766666666666667E+00  -0.1161280348288772E+01
   0.5800000000000001E+00  -0.1194060003335244E+01
   0.5833333333333334E+00  -0.1224744871391549E+01
   0.5866666666666667E+00  -0.1253281120772331E+01
   0.5900000000000001E+00  -0.1279618689199492E+01
   0.5933333333333334E+00  -0.1303711371628444E+01
   0.5966666666666667E+00  -0.1325516901307460E+01
   0.6000000000000001E+00  -0.1344997023927914E+01
   0.6033333333333334E+00  -0.1362117564735338E+01
   0.6066666666666667E+00  -0.1376848488483559E+01
   0.6100000000000000E+00  -0.1389163952126720E+01
   0.6133333333333334E+00  -0.1399042350156770E+01
   0.6166666666666667E+00  -0.1406466352506861E+01
   0.6200000000000000E+00  -0.1411422934954178E+01
   0.6233333333333334E+00  -0.1413903401968852E+01
   0.6266666666666667E+00  -0.1413903401968869E+01
   0.6300000000000000E+00  -0.1411422934954230E+01
   0.6333333333333334E+00  -0.1406466352506945E+01
   0.6366666666666667E+00  -0.1399042350156885E+01
   0.6400000000000000E+00  -0.1389163952126865E+01
   0.6433333333333334E+00  -0.1376848488483731E+01
   0.6466666666666667E+00  -0.1362117564735536E+01
   0.6500000000000000E+00  -0.1344997023928137E+01
   0.6533333333333333E+00  -0.1325516901307708E+01
   0.6566666666666667E+00  -0.1303711371628714E+01
   0.6600000000000000E+00  -0.1279618689199784E+01
   0.6633333333333333E+00  -0.1253281120772645E+01
   0.6666666666666667E+00  -0.1224744871391885E+01
   0.6700000000000000E+00  -0.1194060003335601E+01
   0.6733333333333333E+00  -0.1161280348289151E+01
   0.6766666666666667E+00  -0.1126463412906087E+01
   0.6800000000000000E+00  -0.1089670277921946E+01
   0.6833333333333333E+00  -0.1050965490997882E+01
   0.6866666666666668E+00  -0.1010416953482132E+01
   0.6900000000000001E+00  -0.9680958012879867E+00
   0.6933333333333334E+00  -0.9240762800972186E+00
   0.6966666666666667E+00  -0.8784356151079291E+00
   0.7000000000000001E+00  -0.8312538755553103E+00
   0.7033333333333334E+00  -0.7826138342430030E+00
   0.7066666666666667E+00  -0.7326008223314660E+00
   0.7100000000000001E+00  -0.6813025796381251E+00
   0.7133333333333334E+00  -0.6288091007119283E+00
   0.7166666666666667E+00  -0.5752124769523146E+00
   0.7200000000000001E+00  -0.5206067350496113E+00
   0.7233333333333334E+00  -0.4650876720302756E+00
   0.7266666666666667E+00  -0.4087526871963459E+00
   0.7300000000000001E+00  -0.3517006112539757E+00
   0.7333333333333334E+00  -0.2940315329307973E+00
   0.7366666666666667E+00  -0.2358466233862724E+00
   0.7400000000000001E+00  -0.1772479587231053E+00
   0.7433333333333334E+00  -0.1183383409110789E+00
   0.7466666666666667E+00  -0.5922111743745622E-01
   0.7500000000000000E+00  -0.3774916326983163E-12
   0.7533333333333334E+00   0.5922111743670385E-01
   0.7566666666666667E+00   0.1183383409103281E+00
   0.7600000000000000E+00   0.1772479587223570E+00
   0.7633333333333334E+00   0.2358466233855277E+00
   0.7666666666666667E+00   0.2940315329300567E+00
   0.7700000000000000E+00   0.3517006112532398E+00
   0.7733333333333334E+00   0.4087526871956154E+00
   0.7766666666666667E+00   0.4650876720295508E+00
   0.7800000000000000E+00   0.5206067350488927E+00
   0.7833333333333334E+00   0.5752124769516026E+00
   0.7866666666666667E+00   0.6288091007112240E+00
   0.7900000000000000E+00   0.6813025796374291E+00
   0.7933333333333333E+00   0.7326008223307778E+00
   0.7966666666666667E+00   0.7826138342423277E+00
   0.8000000000000000E+00   0.8312538755546470E+00
   0.8033333333333333E+00   0.8784356151072787E+00
   0.8066666666666668E+00   0.9240762800965864E+00
   0.8100000000000001E+00   0.9680958012873736E+00
   0.8133333333333334E+00   0.1010416953481539E+01
   0.8166666666666668E+00   0.1050965490997311E+01
   0.8200000000000001E+00   0.1089670277921398E+01
   0.8233333333333334E+00   0.1126463412905562E+01
   0.8266666666666668E+00   0.1161280348288650E+01
   0.8300000000000001E+00   0.1194060003335125E+01
   0.8333333333333334E+00   0.1224744871391432E+01
   0.8366666666666667E+00   0.1253281120772215E+01
   0.8400000000000001E+00   0.1279618689199378E+01
   0.8433333333333334E+00   0.1303711371628332E+01
   0.8466666666666667E+00   0.1325516901307349E+01
   0.8500000000000001E+00   0.1344997023927805E+01
   0.8533333333333334E+00   0.1362117564735232E+01
   0.8566666666666667E+00   0.1376848488483456E+01
   0.8600000000000001E+00   0.1389163952126620E+01
   0.8633333333333334E+00   0.1399042350156671E+01
   0.8666666666666667E+00   0.1406466352506761E+01
   0.8700000000000001E+00   0.1411422934954075E+01
   0.8733333333333334E+00   0.1413903401968743E+01
   0.8766666666666667E+00   0.1413903401968752E+01
   0.8800000000000000E+00   0.1411422934954102E+01
   0.8833333333333334E+00   0.1406466352506805E+01
   0.8866666666666667E+00   0.1399042350156734E+01
   0.8900000000000000E+00   0.1389163952126704E+01
   0.8933333333333334E+00   0.1376848488483561E+01
   0.8966666666666667E+00   0.1362117564735358E+01
   0.9000000000000000E+00   0.1344997023927951E+01
   0.9033333333333334E+00   0.1325516901307513E+01
   0.9066666666666667E+00   0.1303711371628510E+01
   0.9100000000000000E+00   0.1279618689199569E+01
   0.9133333333333334E+00   0.1253281120772415E+01
   0.9166666666666667E+00   0.1224744871391639E+01
   0.9200000000000000E+00   0.1194060003335338E+01
   0.9233333333333333E+00   0.1161280348288870E+01
   0.9266666666666667E+00   0.1126463412905792E+01
   0.9300000000000000E+00   0.1089670277921640E+01
   0.9333333333333333E+00   0.1050965490997568E+01
   0.9366666666666668E+00   0.1010416953481811E+01
   0.9400000000000001E+00   0.9680958012876607E+00
   0.9433333333333334E+00   0.9240762800968839E+00
   0.9466666666666668E+00   0.8784356151075813E+00
   0.9500000000000001E+00   0.8312538755549487E+00
   0.9533333333333334E+00   0.7826138342426248E+00
   0.9566666666666668E+00   0.7326008223310696E+00
   0.9600000000000001E+00   0.6813025796377185E+00
   0.9633333333333334E+00   0.6288091007115164E+00
   0.9666666666666667E+00   0.5752124769519040E+00
   0.9700000000000001E+00   0.5206067350492061E+00
   0.9733333333333334E+00   0.4650876720298755E+00
   0.9766666666666667E+00   0.4087526871959477E+00
   0.9800000000000001E+00   0.3517006112535770E+00
   0.9833333333333334E+00   0.2940315329303994E+00
   0.9866666666666667E+00   0.2358466233858797E+00
   0.9900000000000001E+00   0.1772479587227199E+00
   0.9933333333333334E+00   0.1183383409106952E+00
   0.9966666666666667E+00   0.5922111743707168E-01
   0.1000000000000000E+01   0.4844714464583163E-16
