   0.0000000000000000E+00   0.0000000000000000E+00
   0.3333333333333334E-02  -0.2649971948965593E+00
   0.6666666666666667E-02  -0.5206067370387314E+00
   0.1000000000000000E-01  -0.7577735210546011E+00
   0.1333333333333333E-01  -0.9680957980538957E+00
   0.1666666666666667E-01  -0.1144122804202352E+01
   0.2000000000000000E-01  -0.1279618692665198E+01
   0.2333333333333333E-01  -0.1369783447174059E+01
   0.2666666666666667E-01  -0.1411422934579315E+01
   0.3000000000000000E-01  -0.1403062060170872E+01
   0.3333333333333333E-01  -0.1344997017964962E+01
   0.3666666666666667E-01  -0.1239284791908866E+01
   0.4000000000000000E-01  -0.1089670285365594E+01
   0.4333333333333333E-01  -0.9014536604773576E+00
   0.4666666666666667E-01  -0.6813025827638021E+00
   0.5000000000000000E-01  -0.4370160177467016E+00
   0.5333333333333334E-01  -0.1772479458962851E+00
   0.5666666666666667E-01   0.8879921424763836E-01
   0.6000000000000000E-01   0.3517006102890164E+00
   0.6333333333333334E-01   0.6021428358845251E+00
   0.6666666666666667E-01   0.8312538584512801E+00
   0.7000000000000001E-01   0.1030917309604382E+01
   0.7333333333333333E-01   0.1194060008399603E+01
   0.7666666666666667E-01   0.1314902534239196E+01
   0.8000000000000000E-01   0.1389163971842165E+01
   0.8333333333333334E-01   0.1414213570965062E+01
   0.8666666666666667E-01   0.1389163943663996E+01
   0.9000000000000001E-01   0.1314902496070885E+01
   0.9333333333333334E-01   0.1194059984277991E+01
   0.9666666666666668E-01   0.1030917313533252E+01
   0.1000000000000000E+00   0.8312538858764287E+00
   0.1033333333333333E+00   0.6021428677918076E+00
   0.1066666666666667E+00   0.3517006264080635E+00
   0.1100000000000000E+00   0.8879920612546000E-01
   0.1133333333333333E+00  -0.1772479703695149E+00
   0.1166666666666667E+00  -0.4370160406954841E+00
   0.1200000000000000E+00  -0.6813025888587079E+00
   0.1233333333333333E+00  -0.9014536471375277E+00
   0.1266666666666667E+00  -0.1089670263770581E+01
   0.1300000000000000E+00  -0.1239284778268118E+01
   0.1333333333333333E+00  -0.1344997021554097E+01
   0.1366666666666667E+00  -0.1403062077141138E+01
   0.1400000000000000E+00  -0.1411422952010269E+01
   0.1433333333333333E+00  -0.1369783453523564E+01
   0.1466666666666667E+00  -0.1279618685548167E+01
   0.1500000000000000E+00  -0.1144122789416619E+01
   0.1533333333333333E+00  -0.9680957831266168E+00
   0.1566666666666667E+00  -0.7577735125193730E+00
   0.1600000000000000E+00  -0.5206067424955657E+00
   0.1633333333333333E+00  -0.2649972144128051E+00
   0.1666666666666667E+00  -0.1673658685391967E-07
   0.1700000000000000E+00   0.2649971917492204E+00
   0.1733333333333333E+00   0.5206067451296246E+00
   0.1766666666666667E+00   0.7577735381976848E+00
   0.1800000000000000E+00   0.9680958143226841E+00
   0.1833333333333333E+00   0.1144122805187268E+01
   0.1866666666666667E+00   0.1279618675926364E+01
   0.1900000000000000E+00   0.1369783426409318E+01
   0.1933333333333334E+00   0.1411422927458389E+01
   0.1966666666666667E+00   0.1403062072911054E+01
   0.2000000000000000E+00   0.1344997040327601E+01
   0.2033333333333333E+00   0.1239284805884645E+01
   0.2066666666666667E+00   0.1089670279639834E+01
   0.2100000000000000E+00   0.9014536390649752E+00
   0.2133333333333333E+00   0.6813025616841276E+00
   0.2166666666666667E+00   0.4370160129389655E+00
   0.2200000000000000E+00   0.1772479615090114E+00
   0.2233333333333334E+00  -0.8879918897289313E-01
   0.2266666666666667E+00  -0.3517005935503207E+00
   0.2300000000000000E+00  -0.6021428404528170E+00
   0.2333333333333333E+00  -0.8312538822467230E+00
   0.2366666666666667E+00  -0.1030917336445199E+01
   0.2400000000000000E+00  -0.1194060018912102E+01
   0.2433333333333333E+00  -0.1314902519714105E+01
   0.2466666666666667E+00  -0.1389163941134760E+01
   0.2500000000000000E+00  -0.1414213544941433E+01
   0.2533333333333334E+00  -0.1389163940705749E+01
   0.2566666666666667E+00  -0.1314902518989086E+01
   0.2600000000000000E+00  -0.1194060018117168E+01
   0.2633333333333334E+00  -0.1030917335831326E+01
   0.2666666666666667E+00  -0.8312538820133033E+00
   0.2700000000000000E+00  -0.6021428406855179E+00
   0.2733333333333334E+00  -0.3517005941920654E+00
   0.2766666666666667E+00  -0.8879918983724225E-01
   0.2800000000000000E+00   0.1772479606849990E+00
   0.2833333333333333E+00   0.4370160124169737E+00
   0.2866666666666667E+00   0.6813025616443693E+00
   0.2900000000000000E+00   0.9014536395473643E+00
   0.2933333333333333E+00   0.1089670280525011E+01
   0.2966666666666667E+00   0.1239284806922228E+01
   0.3000000000000000E+00   0.1344997041205411E+01
   0.3033333333333333E+00   0.1403062073346704E+01
   0.3066666666666667E+00   0.1411422927287045E+01
   0.3100000000000000E+00   0.1369783425641129E+01
   0.3133333333333334E+00   0.1279618674754637E+01
   0.3166666666666667E+00   0.1144122803941938E+01
   0.3200000000000000E+00   0.9680958133795051E+00
   0.3233333333333334E+00   0.7577735378673979E+00
   0.3266666666666667E+00   0.5206067455589696E+00
   0.3300000000000000E+00   0.2649971928643526E+00
   0.3333333333333334E+00  -0.1522412514399789E-07
   0.3366666666666667E+00  -0.2649972129346879E+00
   0.3400000000000000E+00  -0.5206067415063091E+00
   0.3433333333333334E+00  -0.7577735123593818E+00
   0.3466666666666667E+00  -0.9680957839088707E+00
   0.3500000000000000E+00  -0.1144122790973472E+01
   0.3533333333333333E+00  -0.1279618687459676E+01
   0.3566666666666667E+00  -0.1369783455225951E+01
   0.3600000000000000E+00  -0.1411422952958459E+01
   0.3633333333333333E+00  -0.1403062076980299E+01
   0.3666666666666667E+00  -0.1344997020247733E+01
   0.3700000000000001E+00  -0.1239284776138316E+01
   0.3733333333333334E+00  -0.1089670261428800E+01
   0.3766666666666667E+00  -0.9014536453163277E+00
   0.3800000000000000E+00  -0.6813025881873574E+00
   0.3833333333333334E+00  -0.4370160414852719E+00
   0.3866666666666667E+00  -0.1772479724796335E+00
   0.3900000000000000E+00   0.8879920328778083E-01
   0.3933333333333334E+00   0.3517006237366083E+00
   0.3966666666666667E+00   0.6021428662107871E+00
   0.4000000000000000E+00   0.8312538860260906E+00
   0.4033333333333334E+00   0.1030917315513528E+01
   0.4066666666666667E+00   0.1194059987548099E+01
   0.4100000000000000E+00   0.1314902499564174E+01
   0.4133333333333334E+00   0.1389163946110687E+01
   0.4166666666666667E+00   0.1414213571338995E+01
   0.4200000000000000E+00   0.1389163969786359E+01
   0.4233333333333333E+00   0.1314902530304189E+01
   0.4266666666666667E+00   0.1194060003965323E+01
   0.4300000000000000E+00   0.1030917306452027E+01
   0.4333333333333333E+00   0.8312538580851465E+00
   0.4366666666666667E+00   0.6021428388320862E+00
   0.4400000000000000E+00   0.3517006156768587E+00
   0.4433333333333334E+00   0.8879921991379736E-01
   0.4466666666666667E+00  -0.1772479426570401E+00
   0.4500000000000000E+00  -0.4370160189753251E+00
   0.4533333333333334E+00  -0.6813025886246845E+00
   0.4566666666666667E+00  -0.9014536686710600E+00
   0.4600000000000000E+00  -0.1089670291712792E+01
   0.4633333333333334E+00  -0.1239284792229607E+01
   0.4666666666666667E+00  -0.1344997010664411E+01
   0.4700000000000000E+00  -0.1403062048185539E+01
   0.4733333333333334E+00  -0.1411422925014010E+01
   0.4766666666666667E+00  -0.1369783447652801E+01
   0.4800000000000000E+00  -0.1279618705431899E+01
   0.4833333333333333E+00  -0.1144122821819758E+01
   0.4866666666666667E+00  -0.9680958062370673E+00
   0.4900000000000000E+00  -0.7577735109940075E+00
   0.4933333333333333E+00  -0.5206067177242448E+00
   0.4966666666666667E+00  -0.2649971832596384E+00
   0.5000000000000000E+00   0.5974214187519204E-13
   0.5033333333333334E+00   0.2649971832597650E+00
   0.5066666666666667E+00   0.5206067177243604E+00
   0.5100000000000000E+00   0.7577735109941123E+00
   0.5133333333333334E+00   0.9680958062371606E+00
   0.5166666666666667E+00   0.1144122821819830E+01
   0.5200000000000000E+00   0.1279618705431949E+01
   0.5233333333333333E+00   0.1369783447652826E+01
   0.5266666666666667E+00   0.1411422925014011E+01
   0.5300000000000000E+00   0.1403062048185511E+01
   0.5333333333333333E+00   0.1344997010664356E+01
   0.5366666666666667E+00   0.1239284792229522E+01
   0.5400000000000000E+00   0.1089670291712685E+01
   0.5433333333333333E+00   0.9014536686709308E+00
   0.5466666666666667E+00   0.6813025886245349E+00
   0.5500000000000000E+00   0.4370160189751667E+00
   0.5533333333333333E+00   0.1772479426568743E+00
   0.5566666666666668E+00  -0.8879921991396990E-01
   0.5600000000000001E+00  -0.3517006156770228E+00
   0.5633333333333334E+00  -0.6021428388322412E+00
   0.5666666666666667E+00  -0.8312538580852842E+00
   0.5700000000000001E+00  -0.1030917306452151E+01
   0.5733333333333334E+00  -0.1194060003965420E+01
   0.5766666666666667E+00  -0.1314902530304255E+01
   0.5800000000000001E+00  -0.1389163969786396E+01
   0.5833333333333334E+00  -0.1414213571338995E+01
   0.5866666666666667E+00  -0.1389163946110653E+01
   0.5900000000000001E+00  -0.1314902499564104E+01
   0.5933333333333334E+00  -0.1194059987547998E+01
   0.5966666666666667E+00  -0.1030917315513402E+01
   0.6000000000000001E+00  -0.8312538860259401E+00
   0.6033333333333334E+00  -0.6021428662106277E+00
   0.6066666666666667E+00  -0.3517006237364455E+00
   0.6100000000000000E+00  -0.8879920328762757E-01
   0.6133333333333334E+00   0.1772479724797822E+00
   0.6166666666666667E+00   0.4370160414853955E+00
   0.6200000000000000E+00   0.6813025881874506E+00
   0.6233333333333334E+00   0.9014536453163979E+00
   0.6266666666666667E+00   0.1089670261428836E+01
   0.6300000000000000E+00   0.1239284776138321E+01
   0.6333333333333334E+00   0.1344997020247712E+01
   0.6366666666666667E+00   0.1403062076980253E+01
   0.6400000000000000E+00   0.1411422952958394E+01
   0.6433333333333334E+00   0.1369783455225870E+01
   0.6466666666666667E+00   0.1279618687459586E+01
   0.6500000000000000E+00   0.1144122790973376E+01
   0.6533333333333333E+00   0.9680957839087716E+00
   0.6566666666666667E+00   0.7577735123592745E+00
   0.6600000000000000E+00   0.5206067415062055E+00
   0.6633333333333333E+00   0.2649972129345913E+00
   0.6666666666666667E+00   0.1522402644834857E-07
   0.6700000000000000E+00  -0.2649971928644361E+00
   0.6733333333333333E+00  -0.5206067455590332E+00
   0.6766666666666667E+00  -0.7577735378674491E+00
   0.6800000000000000E+00  -0.9680958133795272E+00
   0.6833333333333333E+00  -0.1144122803941931E+01
   0.6866666666666668E+00  -0.1279618674754604E+01
   0.6900000000000001E+00  -0.1369783425641066E+01
   0.6933333333333334E+00  -0.1411422927286959E+01
   0.6966666666666667E+00  -0.1403062073346601E+01
   0.7000000000000001E+00  -0.1344997041205297E+01
   0.7033333333333334E+00  -0.1239284806922114E+01
   0.7066666666666667E+00  -0.1089670280524904E+01
   0.7100000000000001E+00  -0.9014536395472615E+00
   0.7133333333333334E+00  -0.6813025616442830E+00
   0.7166666666666667E+00  -0.4370160124169074E+00
   0.7200000000000001E+00  -0.1772479606849395E+00
   0.7233333333333334E+00   0.8879918983728141E-01
   0.7266666666666667E+00   0.3517005941920882E+00
   0.7300000000000001E+00   0.6021428406855268E+00
   0.7333333333333334E+00   0.8312538820132886E+00
   0.7366666666666667E+00   0.1030917335831289E+01
   0.7400000000000001E+00   0.1194060018117109E+01
   0.7433333333333334E+00   0.1314902518989000E+01
   0.7466666666666667E+00   0.1389163940705638E+01
   0.7500000000000000E+00   0.1414213544941301E+01
   0.7533333333333334E+00   0.1389163941134614E+01
   0.7566666666666667E+00   0.1314902519713955E+01
   0.7600000000000000E+00   0.1194060018911958E+01
   0.7633333333333334E+00   0.1030917336445064E+01
   0.7666666666666667E+00   0.8312538822466123E+00
   0.7700000000000000E+00   0.6021428404527343E+00
   0.7733333333333334E+00   0.3517005935502590E+00
   0.7766666666666667E+00   0.8879918897285911E-01
   0.7800000000000000E+00  -0.1772479615090185E+00
   0.7833333333333334E+00  -0.4370160129389599E+00
   0.7866666666666667E+00  -0.6813025616841037E+00
   0.7900000000000000E+00  -0.9014536390649345E+00
   0.7933333333333333E+00  -0.1089670279639776E+01
   0.7966666666666667E+00  -0.1239284805884572E+01
   0.8000000000000000E+00  -0.1344997040327505E+01
   0.8033333333333333E+00  -0.1403062072910936E+01
   0.8066666666666668E+00  -0.1411422927458253E+01
   0.8100000000000001E+00  -0.1369783426409167E+01
   0.8133333333333334E+00  -0.1279618675926208E+01
   0.8166666666666668E+00  -0.1144122805187114E+01
   0.8200000000000001E+00  -0.9680958143225498E+00
   0.8233333333333334E+00  -0.7577735381975828E+00
   0.8266666666666668E+00  -0.5206067451295544E+00
   0.8300000000000001E+00  -0.2649971917491933E+00
   0.8333333333333334E+00   0.1673657183042178E-07
   0.8366666666666667E+00   0.2649972144127514E+00
   0.8400000000000001E+00   0.5206067424954935E+00
   0.8433333333333334E+00   0.7577735125192832E+00
   0.8466666666666667E+00   0.9680957831265176E+00
   0.8500000000000001E+00   0.1144122789416522E+01
   0.8533333333333334E+00   0.1279618685548066E+01
   0.8566666666666667E+00   0.1369783453523459E+01
   0.8600000000000001E+00   0.1411422952010158E+01
   0.8633333333333334E+00   0.1403062077141017E+01
   0.8666666666666667E+00   0.1344997021553967E+01
   0.8700000000000001E+00   0.1239284778267979E+01
   0.8733333333333334E+00   0.1089670263770444E+01
   0.8766666666666667E+00   0.9014536471374043E+00
   0.8800000000000000E+00   0.6813025888586076E+00
   0.8833333333333334E+00   0.4370160406954091E+00
   0.8866666666666667E+00   0.1772479703694774E+00
   0.8900000000000000E+00  -0.8879920612545845E-01
   0.8933333333333334E+00  -0.3517006264080390E+00
   0.8966666666666667E+00  -0.6021428677917599E+00
   0.9000000000000000E+00  -0.8312538858763668E+00
   0.9033333333333334E+00  -0.1030917313533192E+01
   0.9066666666666667E+00  -0.1194059984277930E+01
   0.9100000000000000E+00  -0.1314902496070822E+01
   0.9133333333333334E+00  -0.1389163943663930E+01
   0.9166666666666667E+00  -0.1414213570964983E+01
   0.9200000000000000E+00  -0.1389163971842069E+01
   0.9233333333333333E+00  -0.1314902534239083E+01
   0.9266666666666667E+00  -0.1194060008399473E+01
   0.9300000000000000E+00  -0.1030917309604248E+01
   0.9333333333333333E+00  -0.8312538584511554E+00
   0.9366666666666668E+00  -0.6021428358844103E+00
   0.9400000000000001E+00  -0.3517006102889247E+00
   0.9433333333333334E+00  -0.8879921424756802E-01
   0.9466666666666668E+00   0.1772479458963501E+00
   0.9500000000000001E+00   0.4370160177467600E+00
   0.9533333333333334E+00   0.6813025827638574E+00
   0.9566666666666668E+00   0.9014536604774130E+00
   0.9600000000000001E+00   0.1089670285365629E+01
   0.9633333333333334E+00   0.1239284791908870E+01
   0.9666666666666667E+00   0.1344997017964930E+01
   0.9700000000000001E+00   0.1403062060170815E+01
   0.9733333333333334E+00   0.1411422934579253E+01
   0.9766666666666667E+00   0.1369783447174013E+01
   0.9800000000000001E+00   0.1279618692665099E+01
   0.9833333333333334E+00   0.1144122804202324E+01
   0.9866666666666667E+00   0.9680957980538024E+00
   0.9900000000000001E+00   0.7577735210544941E+00
   0.9933333333333334E+00   0.5206067370386886E+00
   0.9966666666666667E+00   0.2649971948965783E+00
   0.1000000000000000E+01  -0.1093094964650663E-15
