   0.0000000000000000E+00   0.0000000000000000E+00
   0.3333333333333334E-02  -0.1183383409106430E+00
   0.6666666666666667E-02  -0.2358466233858426E+00
   0.1000000000000000E-01  -0.3517006112535310E+00
   0.1333333333333333E-01  -0.4650876720298031E+00
   0.1666666666666667E-01  -0.5752124769518284E+00
   0.2000000000000000E-01  -0.6813025796376577E+00
   0.2333333333333333E-01  -0.7826138342424357E+00
   0.2666666666666667E-01  -0.8784356151073015E+00
   0.3000000000000000E-01  -0.9680958012874072E+00
   0.3333333333333333E-01  -0.1050965490997454E+01
   0.3666666666666667E-01  -0.1126463412905793E+01
   0.4000000000000000E-01  -0.1194060003335282E+01
   0.4333333333333333E-01  -0.1253281120772143E+01
   0.4666666666666667E-01  -0.1303711371628042E+01
   0.5000000000000000E-01  -0.1344997023927507E+01
   0.5333333333333334E-01  -0.1376848488483389E+01
   0.5666666666666667E-01  -0.1399042350156889E+01
   0.6000000000000000E-01  -0.1411422934954381E+01
   0.6333333333333334E-01  -0.1413903401968849E+01
   0.6666666666666667E-01  -0.1406466352506555E+01
   0.7000000000000001E-01  -0.1389163952126245E+01
   0.7333333333333333E-01  -0.1362117564734988E+01
   0.7666666666666667E-01  -0.1325516901307443E+01
   0.8000000000000000E-01  -0.1279618689199760E+01
   0.8333333333333334E-01  -0.1224744871391865E+01
   0.8666666666666667E-01  -0.1161280348288929E+01
   0.9000000000000001E-01  -0.1089670277921527E+01
   0.9333333333333334E-01  -0.1010416953481703E+01
   0.9666666666666668E-01  -0.9240762800969714E+00
   0.1000000000000000E+00  -0.8312538755552713E+00
   0.1033333333333333E+00  -0.7326008223314794E+00
   0.1066666666666667E+00  -0.6288091007118054E+00
   0.1100000000000000E+00  -0.5206067350492893E+00
   0.1133333333333333E+00  -0.4087526871959395E+00
   0.1166666666666667E+00  -0.2940315329305102E+00
   0.1200000000000000E+00  -0.1772479587230646E+00
   0.1233333333333333E+00  -0.5922111743761910E-01
   0.1266666666666667E+00   0.5922111743651289E-01
   0.1300000000000000E+00   0.1772479587223184E+00
   0.1333333333333333E+00   0.2940315329302164E+00
   0.1366666666666667E+00   0.4087526871958571E+00
   0.1400000000000000E+00   0.5206067350490303E+00
   0.1433333333333333E+00   0.6288091007111536E+00
   0.1466666666666667E+00   0.7326008223305760E+00
   0.1500000000000000E+00   0.8312538755545090E+00
   0.1533333333333333E+00   0.9240762800966627E+00
   0.1566666666666667E+00   0.1010416953481796E+01
   0.1600000000000000E+00   0.1089670277921630E+01
   0.1633333333333333E+00   0.1161280348288657E+01
   0.1666666666666667E+00   0.1224744871391206E+01
   0.1700000000000000E+00   0.1279618689199125E+01
   0.1733333333333333E+00   0.1325516901307322E+01
   0.1766666666666667E+00   0.1362117564735503E+01
   0.1800000000000000E+00   0.1389163952127012E+01
   0.1833333333333333E+00   0.1406466352507002E+01
   0.1866666666666667E+00   0.1413903401968714E+01
   0.1900000000000000E+00   0.1411422934953938E+01
   0.1933333333333334E+00   0.1399042350156705E+01
   0.1966666666666667E+00   0.1376848488483818E+01
   0.2000000000000000E+00   0.1344997023928398E+01
   0.2033333333333333E+00   0.1303711371628895E+01
   0.2066666666666667E+00   0.1253281120772565E+01
   0.2100000000000000E+00   0.1194060003335309E+01
   0.2133333333333333E+00   0.1126463412905815E+01
   0.2166666666666667E+00   0.1050965490997835E+01
   0.2200000000000000E+00   0.9680958012881724E+00
   0.2233333333333334E+00   0.8784356151081574E+00
   0.2266666666666667E+00   0.7826138342430671E+00
   0.2300000000000000E+00   0.6813025796379647E+00
   0.2333333333333333E+00   0.5752124769520566E+00
   0.2366666666666667E+00   0.4650876720301200E+00
   0.2400000000000000E+00   0.3517006112540287E+00
   0.2433333333333333E+00   0.2358466233864660E+00
   0.2466666666666667E+00   0.1183383409112386E+00
   0.2500000000000000E+00   0.3576561635403352E-12
   0.2533333333333334E+00  -0.1183383409105245E+00
   0.2566666666666667E+00  -0.2358466233857539E+00
   0.2600000000000000E+00  -0.3517006112533185E+00
   0.2633333333333334E+00  -0.4650876720294184E+00
   0.2666666666666667E+00  -0.5752124769513670E+00
   0.2700000000000000E+00  -0.6813025796372981E+00
   0.2733333333333334E+00  -0.7826138342424327E+00
   0.2766666666666667E+00  -0.8784356151075633E+00
   0.2800000000000000E+00  -0.9680958012876272E+00
   0.2833333333333333E+00  -0.1050965490997345E+01
   0.2866666666666667E+00  -0.1126463412905385E+01
   0.2900000000000000E+00  -0.1194060003334939E+01
   0.2933333333333333E+00  -0.1253281120772251E+01
   0.2966666666666667E+00  -0.1303711371628638E+01
   0.3000000000000000E+00  -0.1344997023928193E+01
   0.3033333333333333E+00  -0.1376848488483665E+01
   0.3066666666666667E+00  -0.1399042350156605E+01
   0.3100000000000000E+00  -0.1411422934953895E+01
   0.3133333333333334E+00  -0.1413903401968733E+01
   0.3166666666666667E+00  -0.1406466352507090E+01
   0.3200000000000000E+00  -0.1389163952127171E+01
   0.3233333333333334E+00  -0.1362117564735738E+01
   0.3266666666666667E+00  -0.1325516901307629E+01
   0.3300000000000000E+00  -0.1279618689199496E+01
   0.3333333333333334E+00  -0.1224744871391630E+01
   0.3366666666666667E+00  -0.1161280348289124E+01
   0.3400000000000000E+00  -0.1089670277922127E+01
   0.3433333333333334E+00  -0.1010416953482314E+01
   0.3466666666666667E+00  -0.9240762800971989E+00
   0.3500000000000000E+00  -0.8312538755550614E+00
   0.3533333333333333E+00  -0.7326008223311512E+00
   0.3566666666666667E+00  -0.6288091007117552E+00
   0.3600000000000000E+00  -0.5206067350496619E+00
   0.3633333333333333E+00  -0.4087526871965198E+00
   0.3666666666666667E+00  -0.2940315329309024E+00
   0.3700000000000001E+00  -0.1772479587230127E+00
   0.3733333333333334E+00  -0.5922111743719832E-01
   0.3766666666666667E+00   0.5922111743696459E-01
   0.3800000000000000E+00   0.1772479587224572E+00
   0.3833333333333334E+00   0.2940315329299626E+00
   0.3866666666666667E+00   0.4087526871954541E+00
   0.3900000000000000E+00   0.5206067350488560E+00
   0.3933333333333334E+00   0.6288091007114133E+00
   0.3966666666666667E+00   0.7326008223311119E+00
   0.4000000000000000E+00   0.8312538755549194E+00
   0.4033333333333334E+00   0.9240762800966356E+00
   0.4066666666666667E+00   0.1010416953481394E+01
   0.4100000000000000E+00   0.1089670277921265E+01
   0.4133333333333334E+00   0.1161280348288741E+01
   0.4166666666666667E+00   0.1224744871391769E+01
   0.4200000000000000E+00   0.1279618689199765E+01
   0.4233333333333333E+00   0.1325516901307539E+01
   0.4266666666666667E+00   0.1362117564735148E+01
   0.4300000000000000E+00   0.1389163952126431E+01
   0.4333333333333333E+00   0.1406466352506733E+01
   0.4366666666666667E+00   0.1413903401968996E+01
   0.4400000000000000E+00   0.1411422934954502E+01
   0.4433333333333334E+00   0.1399042350157014E+01
   0.4466666666666667E+00   0.1376848488483559E+01
   0.4500000000000000E+00   0.1344997023927762E+01
   0.4533333333333334E+00   0.1303711371628396E+01
   0.4566666666666667E+00   0.1253281120772570E+01
   0.4600000000000000E+00   0.1194060003335722E+01
   0.4633333333333334E+00   0.1126463412906177E+01
   0.4666666666666667E+00   0.1050965490997738E+01
   0.4700000000000000E+00   0.9680958012876075E+00
   0.4733333333333334E+00   0.8784356151075021E+00
   0.4766666666666667E+00   0.7826138342427446E+00
   0.4800000000000000E+00   0.6813025796380925E+00
   0.4833333333333333E+00   0.5752124769523794E+00
   0.4866666666666667E+00   0.4650876720302402E+00
   0.4900000000000000E+00   0.3517006112537367E+00
   0.4933333333333333E+00   0.2358466233858977E+00
   0.4966666666666667E+00   0.1183383409107472E+00
   0.5000000000000000E+00   0.2356709718804920E-12
   0.5033333333333334E+00  -0.1183383409102811E+00
   0.5066666666666667E+00  -0.2358466233854336E+00
   0.5100000000000000E+00  -0.3517006112532793E+00
   0.5133333333333334E+00  -0.4650876720297943E+00
   0.5166666666666667E+00  -0.5752124769519442E+00
   0.5200000000000000E+00  -0.6813025796376723E+00
   0.5233333333333333E+00  -0.7826138342423409E+00
   0.5266666666666667E+00  -0.8784356151071225E+00
   0.5300000000000000E+00  -0.9680958012872494E+00
   0.5333333333333333E+00  -0.1050965490997404E+01
   0.5366666666666667E+00  -0.1126463412905872E+01
   0.5400000000000000E+00  -0.1194060003335446E+01
   0.5433333333333333E+00  -0.1253281120772323E+01
   0.5466666666666667E+00  -0.1303711371628181E+01
   0.5500000000000000E+00  -0.1344997023927578E+01
   0.5533333333333333E+00  -0.1376848488483408E+01
   0.5566666666666668E+00  -0.1399042350156896E+01
   0.5600000000000001E+00  -0.1411422934954419E+01
   0.5633333333333334E+00  -0.1413903401968948E+01
   0.5666666666666667E+00  -0.1406466352506720E+01
   0.5700000000000001E+00  -0.1389163952126453E+01
   0.5733333333333334E+00  -0.1362117564735205E+01
   0.5766666666666667E+00  -0.1325516901307631E+01
   0.5800000000000001E+00  -0.1279618689199890E+01
   0.5833333333333334E+00  -0.1224744871391929E+01
   0.5866666666666667E+00  -0.1161280348288935E+01
   0.5900000000000001E+00  -0.1089670277921491E+01
   0.5933333333333334E+00  -0.1010416953481653E+01
   0.5966666666666667E+00  -0.9240762800969292E+00
   0.6000000000000001E+00  -0.8312538755552451E+00
   0.6033333333333334E+00  -0.7326008223314723E+00
   0.6066666666666667E+00  -0.6288091007118065E+00
   0.6100000000000000E+00  -0.5206067350492830E+00
   0.6133333333333334E+00  -0.4087526871959073E+00
   0.6166666666666667E+00  -0.2940315329304458E+00
   0.6200000000000000E+00  -0.1772479587229670E+00
   0.6233333333333334E+00  -0.5922111743749148E-01
   0.6266666666666667E+00   0.5922111743665232E-01
   0.6300000000000000E+00   0.1772479587224541E+00
   0.6333333333333334E+00   0.2940315329303378E+00
   0.6366666666666667E+00   0.4087526871959503E+00
   0.6400000000000000E+00   0.5206067350490939E+00
   0.6433333333333334E+00   0.6288091007111953E+00
   0.6466666666666667E+00   0.7326008223306009E+00
   0.6500000000000000E+00   0.8312538755545261E+00
   0.6533333333333333E+00   0.9240762800966814E+00
   0.6566666666666667E+00   0.1010416953481823E+01
   0.6600000000000000E+00   0.1089670277921662E+01
   0.6633333333333333E+00   0.1161280348288689E+01
   0.6666666666666667E+00   0.1224744871391231E+01
   0.6700000000000000E+00   0.1279618689199132E+01
   0.6733333333333333E+00   0.1325516901307304E+01
   0.6766666666666667E+00   0.1362117564735454E+01
   0.6800000000000000E+00   0.1389163952126930E+01
   0.6833333333333333E+00   0.1406466352506892E+01
   0.6866666666666668E+00   0.1413903401968581E+01
   0.6900000000000001E+00   0.1411422934953789E+01
   0.6933333333333334E+00   0.1399042350156547E+01
   0.6966666666666667E+00   0.1376848488483654E+01
   0.7000000000000001E+00   0.1344997023928229E+01
   0.7033333333333334E+00   0.1303711371628721E+01
   0.7066666666666667E+00   0.1253281120772382E+01
   0.7100000000000001E+00   0.1194060003335111E+01
   0.7133333333333334E+00   0.1126463412905600E+01
   0.7166666666666667E+00   0.1050965490997602E+01
   0.7200000000000001E+00   0.9680958012879183E+00
   0.7233333333333334E+00   0.8784356151078899E+00
   0.7266666666666667E+00   0.7826138342427917E+00
   0.7300000000000001E+00   0.6813025796376856E+00
   0.7333333333333334E+00   0.5752124769517845E+00
   0.7366666666666667E+00   0.4650876720298620E+00
   0.7400000000000001E+00   0.3517006112537855E+00
   0.7433333333333334E+00   0.2358466233862432E+00
   0.7466666666666667E+00   0.1183383409110357E+00
   0.7500000000000000E+00   0.1719513628868914E-12
   0.7533333333333334E+00  -0.1183383409106997E+00
   0.7566666666666667E+00  -0.2358466233859184E+00
   0.7600000000000000E+00  -0.3517006112534771E+00
   0.7633333333333334E+00  -0.4650876720295734E+00
   0.7666666666666667E+00  -0.5752124769515150E+00
   0.7700000000000000E+00  -0.6813025796374330E+00
   0.7733333333333334E+00  -0.7826138342425520E+00
   0.7766666666666667E+00  -0.8784356151076591E+00
   0.7800000000000000E+00  -0.9680958012876923E+00
   0.7833333333333334E+00  -0.1050965490997380E+01
   0.7866666666666667E+00  -0.1126463412905384E+01
   0.7900000000000000E+00  -0.1194060003334905E+01
   0.7933333333333333E+00  -0.1253281120772191E+01
   0.7966666666666667E+00  -0.1303711371628557E+01
   0.8000000000000000E+00  -0.1344997023928096E+01
   0.8033333333333333E+00  -0.1376848488483556E+01
   0.8066666666666668E+00  -0.1399042350156485E+01
   0.8100000000000001E+00  -0.1411422934953762E+01
   0.8133333333333334E+00  -0.1413903401968581E+01
   0.8166666666666668E+00  -0.1406466352506913E+01
   0.8200000000000001E+00  -0.1389163952126963E+01
   0.8233333333333334E+00  -0.1362117564735494E+01
   0.8266666666666668E+00  -0.1325516901307351E+01
   0.8300000000000001E+00  -0.1279618689199192E+01
   0.8333333333333334E+00  -0.1224744871391309E+01
   0.8366666666666667E+00  -0.1161280348288797E+01
   0.8400000000000001E+00  -0.1089670277921804E+01
   0.8433333333333334E+00  -0.1010416953482006E+01
   0.8466666666666667E+00  -0.9240762800969068E+00
   0.8500000000000001E+00  -0.8312538755547811E+00
   0.8533333333333334E+00  -0.7326008223308764E+00
   0.8566666666666667E+00  -0.6288091007114766E+00
   0.8600000000000001E+00  -0.5206067350493669E+00
   0.8633333333333334E+00  -0.4087526871962051E+00
   0.8666666666666667E+00  -0.2940315329305720E+00
   0.8700000000000001E+00  -0.1772479587226727E+00
   0.8733333333333334E+00  -0.5922111743686665E-01
   0.8766666666666667E+00   0.5922111743726703E-01
   0.8800000000000000E+00   0.1772479587227158E+00
   0.8833333333333334E+00   0.2940315329301692E+00
   0.8866666666666667E+00   0.4087526871956046E+00
   0.8900000000000000E+00   0.5206067350489624E+00
   0.8933333333333334E+00   0.6288091007114945E+00
   0.8966666666666667E+00   0.7326008223311865E+00
   0.9000000000000000E+00   0.8312538755550017E+00
   0.9033333333333334E+00   0.9240762800967347E+00
   0.9066666666666667E+00   0.1010416953481502E+01
   0.9100000000000000E+00   0.1089670277921365E+01
   0.9133333333333334E+00   0.1161280348288808E+01
   0.9166666666666667E+00   0.1224744871391781E+01
   0.9200000000000000E+00   0.1279618689199707E+01
   0.9233333333333333E+00   0.1325516901307414E+01
   0.9266666666666667E+00   0.1362117564734979E+01
   0.9300000000000000E+00   0.1389163952126246E+01
   0.9333333333333333E+00   0.1406466352506564E+01
   0.9366666666666668E+00   0.1413903401968865E+01
   0.9400000000000001E+00   0.1411422934954406E+01
   0.9433333333333334E+00   0.1399042350156927E+01
   0.9466666666666668E+00   0.1376848488483442E+01
   0.9500000000000001E+00   0.1344997023927576E+01
   0.9533333333333334E+00   0.1303711371628125E+01
   0.9566666666666668E+00   0.1253281120772231E+01
   0.9600000000000001E+00   0.1194060003335366E+01
   0.9633333333333334E+00   0.1126463412905869E+01
   0.9666666666666667E+00   0.1050965490997523E+01
   0.9700000000000001E+00   0.9680958012874734E+00
   0.9733333333333334E+00   0.8784356151073777E+00
   0.9766666666666667E+00   0.7826138342425258E+00
   0.9800000000000001E+00   0.6813025796377186E+00
   0.9833333333333334E+00   0.5752124769519033E+00
   0.9866666666666667E+00   0.4650876720298256E+00
   0.9900000000000001E+00   0.3517006112535308E+00
   0.9933333333333334E+00   0.2358466233858686E+00
   0.9966666666666667E+00   0.1183383409106829E+00
   0.1000000000000000E+01   0.7321913240594046E-16
