   0.0000000000000000E+00   0.0000000000000000E+00
   0.3333333333333334E-02   0.2212317420075547E+00
   0.6666666666666667E-02   0.4370160245622137E+00
   0.1000000000000000E-01   0.6420395219053437E+00
   0.1333333333333333E-01   0.8312538753693604E+00
   0.1666666666666667E-01   0.1000000000006046E+01
   0.2000000000000000E-01   0.1144122805909263E+01
   0.2333333333333333E-01   0.1260073510852417E+01
   0.2666666666666667E-01   0.1344997023705611E+01
   0.3000000000000000E-01   0.1396802246194678E+01
   0.3333333333333333E-01   0.1414213562151317E+01
   0.3666666666666667E-01   0.1396802247030611E+01
   0.4000000000000000E-01   0.1344997024662253E+01
   0.4333333333333333E-01   0.1260073511147600E+01
   0.4666666666666667E-01   0.1144122805352295E+01
   0.5000000000000000E-01   0.9999999990435837E+00
   0.5333333333333334E-01   0.8312538745928840E+00
   0.5666666666666667E-01   0.6420395217131860E+00
   0.6000000000000000E-01   0.4370160252635831E+00
   0.6333333333333334E-01   0.2212317434519254E+00
   0.6666666666666667E-01   0.1012517409194318E-08
   0.7000000000000001E-01  -0.2212317421611728E+00
   0.7333333333333333E-01  -0.4370160256479289E+00
   0.7666666666666667E-01  -0.6420395235004205E+00
   0.8000000000000000E-01  -0.8312538764794615E+00
   0.8333333333333334E-01  -0.9999999996439177E+00
   0.8666666666666667E-01  -0.1144122804239852E+01
   0.9000000000000001E-01  -0.1260073509192022E+01
   0.9333333333333334E-01  -0.1344997023363041E+01
   0.9666666666666668E-01  -0.1396802247333497E+01
   0.1000000000000000E+00  -0.1414213563694451E+01
   0.1033333333333333E+00  -0.1396802247632484E+01
   0.1066666666666667E+00  -0.1344997023864521E+01
   0.1100000000000000E+00  -0.1260073509732643E+01
   0.1133333333333333E+00  -0.1144122804640435E+01
   0.1166666666666667E+00  -0.9999999997672884E+00
   0.1200000000000000E+00  -0.8312538762776684E+00
   0.1233333333333333E+00  -0.6420395230356484E+00
   0.1266666666666667E+00  -0.4370160250778646E+00
   0.1300000000000000E+00  -0.2212317416898377E+00
   0.1333333333333333E+00   0.1205734581891852E-08
   0.1366666666666667E+00   0.2212317432825217E+00
   0.1400000000000000E+00   0.4370160247849385E+00
   0.1433333333333333E+00   0.6420395211105483E+00
   0.1466666666666667E+00   0.8312538741210009E+00
   0.1500000000000000E+00   0.9999999989225334E+00
   0.1533333333333333E+00   0.1144122805658771E+01
   0.1566666666666667E+00   0.1260073511752543E+01
   0.1600000000000000E+00   0.1344997025259808E+01
   0.1633333333333333E+00   0.1396802247272029E+01
   0.1666666666666667E+00   0.1414213561843902E+01
   0.1700000000000000E+00   0.1396802245467873E+01
   0.1733333333333333E+00   0.1344997023018215E+01
   0.1766666666666667E+00   0.1260073510758855E+01
   0.1800000000000000E+00   0.1144122806642458E+01
   0.1833333333333333E+00   0.1000000001137192E+01
   0.1866666666666667E+00   0.8312538759391285E+00
   0.1900000000000000E+00   0.6420395212353479E+00
   0.1933333333333334E+00   0.4370160231695494E+00
   0.1966666666666667E+00   0.2212317411223035E+00
   0.2000000000000000E+00   0.5489480078474530E-10
   0.2033333333333333E+00  -0.2212317410302394E+00
   0.2066666666666667E+00  -0.4370160231251243E+00
   0.2100000000000000E+00  -0.6420395212535330E+00
   0.2133333333333333E+00  -0.8312538760151096E+00
   0.2166666666666667E+00  -0.1000000001247571E+01
   0.2200000000000000E+00  -0.1144122806752244E+01
   0.2233333333333334E+00  -0.1260073510832212E+01
   0.2266666666666667E+00  -0.1344997023029769E+01
   0.2300000000000000E+00  -0.1396802245411099E+01
   0.2333333333333333E+00  -0.1414213561733938E+01
   0.2366666666666667E+00  -0.1396802247141820E+01
   0.2400000000000000E+00  -0.1344997025150500E+01
   0.2433333333333333E+00  -0.1260073511700829E+01
   0.2466666666666667E+00  -0.1144122805684967E+01
   0.2500000000000000E+00  -0.9999999990231350E+00
   0.2533333333333334E+00  -0.8312538742683250E+00
   0.2566666666666667E+00  -0.6420395212600059E+00
   0.2600000000000000E+00  -0.4370160248881849E+00
   0.2633333333333334E+00  -0.2212317433027315E+00
   0.2666666666666667E+00  -0.1130367559826806E-08
   0.2700000000000000E+00   0.2212317418431182E+00
   0.2733333333333334E+00   0.4370160252645129E+00
   0.2766666666666667E+00   0.6420395231965949E+00
   0.2800000000000000E+00   0.8312538763575440E+00
   0.2833333333333333E+00   0.9999999997331023E+00
   0.2866666666666667E+00   0.1144122804494665E+01
   0.2900000000000000E+00   0.1260073509515746E+01
   0.2933333333333333E+00   0.1344997023644892E+01
   0.2966666666666667E+00   0.1396802247485783E+01
   0.3000000000000000E+00   0.1414213563678064E+01
   0.3033333333333333E+00   0.1396802247464349E+01
   0.3066666666666667E+00   0.1344997023606978E+01
   0.3100000000000000E+00   0.1260073509470174E+01
   0.3133333333333334E+00   0.1144122804452177E+01
   0.3166666666666667E+00   0.9999999997039434E+00
   0.3200000000000000E+00   0.8312538763490849E+00
   0.3233333333333334E+00   0.6420395232115192E+00
   0.3266666666666667E+00   0.4370160253000041E+00
   0.3300000000000000E+00   0.2212317418912759E+00
   0.3333333333333334E+00  -0.1080887353221913E-08
   0.3366666666666667E+00  -0.2212317432641601E+00
   0.3400000000000000E+00  -0.4370160248707016E+00
   0.3433333333333334E+00  -0.6420395212691039E+00
   0.3466666666666667E+00  -0.8312538743031221E+00
   0.3500000000000000E+00  -0.9999999990761842E+00
   0.3533333333333333E+00  -0.1144122805743673E+01
   0.3566666666666667E+00  -0.1260073511750308E+01
   0.3600000000000000E+00  -0.1344997025177242E+01
   0.3633333333333333E+00  -0.1396802247137310E+01
   0.3666666666666667E+00  -0.1414213561697265E+01
   0.3700000000000001E+00  -0.1396802245349787E+01
   0.3733333333333334E+00  -0.1344997022958442E+01
   0.3766666666666667E+00  -0.1260073510769258E+01
   0.3800000000000000E+00  -0.1144122806715190E+01
   0.3833333333333334E+00  -0.1000000001248281E+01
   0.3866666666666667E+00  -0.8312538760561212E+00
   0.3900000000000000E+00  -0.6420395213266105E+00
   0.3933333333333334E+00  -0.4370160232126242E+00
   0.3966666666666667E+00  -0.2212317411092013E+00
   0.4000000000000000E+00   0.6872437897584516E-11
   0.4033333333333334E+00   0.2212317411207987E+00
   0.4066666666666667E+00   0.4370160232184240E+00
   0.4100000000000000E+00   0.6420395213247085E+00
   0.4133333333333334E+00   0.8312538760469542E+00
   0.4166666666666667E+00   0.1000000001234515E+01
   0.4200000000000000E+00   0.1144122806700976E+01
   0.4233333333333333E+00   0.1260073510759003E+01
   0.4266666666666667E+00   0.1344997022955486E+01
   0.4300000000000000E+00   0.1396802245355366E+01
   0.4333333333333333E+00   0.1414213561710059E+01
   0.4366666666666667E+00   0.1396802247153744E+01
   0.4400000000000000E+00   0.1344997025192459E+01
   0.4433333333333334E+00   0.1260073511759567E+01
   0.4466666666666667E+00   0.1144122805743774E+01
   0.4500000000000000E+00   0.9999999990665013E+00
   0.4533333333333334E+00   0.8312538742859321E+00
   0.4566666666666667E+00   0.6420395212490713E+00
   0.4600000000000000E+00   0.4370160248536521E+00
   0.4633333333333334E+00   0.2212317432554109E+00
   0.4666666666666667E+00   0.1083661478917443E-08
   0.4700000000000000E+00  -0.2212317418769338E+00
   0.4733333333333334E+00  -0.4370160252774500E+00
   0.4766666666666667E+00  -0.6420395231867573E+00
   0.4800000000000000E+00  -0.8312538763291955E+00
   0.4833333333333333E+00  -0.9999999996950986E+00
   0.4866666666666667E+00  -0.1144122804457785E+01
   0.4900000000000000E+00  -0.1260073509489695E+01
   0.4933333333333333E+00  -0.1344997023635801E+01
   0.4966666666666667E+00  -0.1396802247494825E+01
   0.5000000000000000E+00  -0.1414213563701491E+01
   0.5033333333333334E+00  -0.1396802247494832E+01
   0.5066666666666667E+00  -0.1344997023635816E+01
   0.5100000000000000E+00  -0.1260073509489717E+01
   0.5133333333333334E+00  -0.1144122804457810E+01
   0.5166666666666667E+00  -0.9999999996951302E+00
   0.5200000000000000E+00  -0.8312538763292298E+00
   0.5233333333333333E+00  -0.6420395231867974E+00
   0.5266666666666667E+00  -0.4370160252774846E+00
   0.5300000000000000E+00  -0.2212317418769717E+00
   0.5333333333333333E+00   0.1083621429505743E-08
   0.5366666666666667E+00   0.2212317432553804E+00
   0.5400000000000000E+00   0.4370160248536214E+00
   0.5433333333333333E+00   0.6420395212490451E+00
   0.5466666666666667E+00   0.8312538742859141E+00
   0.5500000000000000E+00   0.9999999990664868E+00
   0.5533333333333333E+00   0.1144122805743767E+01
   0.5566666666666668E+00   0.1260073511759572E+01
   0.5600000000000001E+00   0.1344997025192471E+01
   0.5633333333333334E+00   0.1396802247153766E+01
   0.5666666666666667E+00   0.1414213561710091E+01
   0.5700000000000001E+00   0.1396802245355405E+01
   0.5733333333333334E+00   0.1344997022955532E+01
   0.5766666666666667E+00   0.1260073510759054E+01
   0.5800000000000001E+00   0.1144122806701025E+01
   0.5833333333333334E+00   0.1000000001234565E+01
   0.5866666666666667E+00   0.8312538760470020E+00
   0.5900000000000001E+00   0.6420395213247495E+00
   0.5933333333333334E+00   0.4370160232184641E+00
   0.5966666666666667E+00   0.2212317411208349E+00
   0.6000000000000001E+00   0.6902541870226610E-11
   0.6033333333333334E+00  -0.2212317411091687E+00
   0.6066666666666667E+00  -0.4370160232125911E+00
   0.6100000000000000E+00  -0.6420395213265726E+00
   0.6133333333333334E+00  -0.8312538760560882E+00
   0.6166666666666667E+00  -0.1000000001248244E+01
   0.6200000000000000E+00  -0.1144122806715151E+01
   0.6233333333333334E+00  -0.1260073510769225E+01
   0.6266666666666667E+00  -0.1344997022958411E+01
   0.6300000000000000E+00  -0.1396802245349761E+01
   0.6333333333333334E+00  -0.1414213561697247E+01
   0.6366666666666667E+00  -0.1396802247137302E+01
   0.6400000000000000E+00  -0.1344997025177244E+01
   0.6433333333333334E+00  -0.1260073511750320E+01
   0.6466666666666667E+00  -0.1144122805743698E+01
   0.6500000000000000E+00  -0.9999999990762208E+00
   0.6533333333333333E+00  -0.8312538743031729E+00
   0.6566666666666667E+00  -0.6420395212691596E+00
   0.6600000000000000E+00  -0.4370160248707717E+00
   0.6633333333333333E+00  -0.2212317432642446E+00
   0.6666666666666667E+00  -0.1080975059880746E-08
   0.6700000000000000E+00   0.2212317418911749E+00
   0.6733333333333333E+00   0.4370160252998913E+00
   0.6766666666666667E+00   0.6420395232114070E+00
   0.6800000000000000E+00   0.8312538763489646E+00
   0.6833333333333333E+00   0.9999999997038213E+00
   0.6866666666666668E+00   0.1144122804452059E+01
   0.6900000000000001E+00   0.1260073509470057E+01
   0.6933333333333334E+00   0.1344997023606869E+01
   0.6966666666666667E+00   0.1396802247464251E+01
   0.7000000000000001E+00   0.1414213563677981E+01
   0.7033333333333334E+00   0.1396802247485717E+01
   0.7066666666666667E+00   0.1344997023644849E+01
   0.7100000000000001E+00   0.1260073509515723E+01
   0.7133333333333334E+00   0.1144122804494668E+01
   0.7166666666666667E+00   0.9999999997331342E+00
   0.7200000000000001E+00   0.8312538763575966E+00
   0.7233333333333334E+00   0.6420395231966751E+00
   0.7266666666666667E+00   0.4370160252646166E+00
   0.7300000000000001E+00   0.2212317418432390E+00
   0.7333333333333334E+00  -0.1130226414379955E-08
   0.7366666666666667E+00  -0.2212317433025778E+00
   0.7400000000000001E+00  -0.4370160248880252E+00
   0.7433333333333334E+00  -0.6420395212598417E+00
   0.7466666666666667E+00  -0.8312538742681562E+00
   0.7500000000000000E+00  -0.9999999990229653E+00
   0.7533333333333334E+00  -0.1144122805684806E+01
   0.7566666666666667E+00  -0.1260073511700675E+01
   0.7600000000000000E+00  -0.1344997025150354E+01
   0.7633333333333334E+00  -0.1396802247141688E+01
   0.7666666666666667E+00  -0.1414213561733820E+01
   0.7700000000000000E+00  -0.1396802245411001E+01
   0.7733333333333334E+00  -0.1344997023029691E+01
   0.7766666666666667E+00  -0.1260073510832161E+01
   0.7800000000000000E+00  -0.1144122806752223E+01
   0.7833333333333334E+00  -0.1000000001247577E+01
   0.7866666666666667E+00  -0.8312538760151483E+00
   0.7900000000000000E+00  -0.6420395212536024E+00
   0.7933333333333333E+00  -0.4370160231252211E+00
   0.7966666666666667E+00  -0.2212317410303538E+00
   0.8000000000000000E+00   0.5476272127280726E-10
   0.8033333333333333E+00   0.2212317411221596E+00
   0.8066666666666668E+00   0.4370160231694054E+00
   0.8100000000000001E+00   0.6420395212351981E+00
   0.8133333333333334E+00   0.8312538759389783E+00
   0.8166666666666668E+00   0.1000000001137049E+01
   0.8200000000000001E+00   0.1144122806642318E+01
   0.8233333333333334E+00   0.1260073510758718E+01
   0.8266666666666668E+00   0.1344997023018089E+01
   0.8300000000000001E+00   0.1396802245467758E+01
   0.8333333333333334E+00   0.1414213561843802E+01
   0.8366666666666667E+00   0.1396802247271952E+01
   0.8400000000000001E+00   0.1344997025259754E+01
   0.8433333333333334E+00   0.1260073511752518E+01
   0.8466666666666667E+00   0.1144122805658777E+01
   0.8500000000000001E+00   0.9999999989225625E+00
   0.8533333333333334E+00   0.8312538741210566E+00
   0.8566666666666667E+00   0.6420395211106247E+00
   0.8600000000000001E+00   0.4370160247850244E+00
   0.8633333333333334E+00   0.2212317432826195E+00
   0.8666666666666667E+00   0.1205844820318231E-08
   0.8700000000000001E+00  -0.2212317416897241E+00
   0.8733333333333334E+00  -0.4370160250777390E+00
   0.8766666666666667E+00  -0.6420395230355065E+00
   0.8800000000000000E+00  -0.8312538762775082E+00
   0.8833333333333334E+00  -0.9999999997671143E+00
   0.8866666666666667E+00  -0.1144122804640245E+01
   0.8900000000000000E+00  -0.1260073509732440E+01
   0.8933333333333334E+00  -0.1344997023864318E+01
   0.8966666666666667E+00  -0.1396802247632287E+01
   0.9000000000000000E+00  -0.1414213563694269E+01
   0.9033333333333334E+00  -0.1396802247333337E+01
   0.9066666666666667E+00  -0.1344997023362907E+01
   0.9100000000000000E+00  -0.1260073509191912E+01
   0.9133333333333334E+00  -0.1144122804239761E+01
   0.9166666666666667E+00  -0.9999999996438449E+00
   0.9200000000000000E+00  -0.8312538764794052E+00
   0.9233333333333333E+00  -0.6420395235003821E+00
   0.9266666666666667E+00  -0.4370160256479083E+00
   0.9300000000000000E+00  -0.2212317421611841E+00
   0.9333333333333333E+00   0.1012464855977997E-08
   0.9366666666666668E+00   0.2212317434518346E+00
   0.9400000000000001E+00   0.4370160252634464E+00
   0.9433333333333334E+00   0.6420395217130103E+00
   0.9466666666666668E+00   0.8312538745926866E+00
   0.9500000000000001E+00   0.9999999990433697E+00
   0.9533333333333334E+00   0.1144122805352073E+01
   0.9566666666666668E+00   0.1260073511147374E+01
   0.9600000000000001E+00   0.1344997024662015E+01
   0.9633333333333334E+00   0.1396802247030356E+01
   0.9666666666666667E+00   0.1414213562151048E+01
   0.9700000000000001E+00   0.1396802246194409E+01
   0.9733333333333334E+00   0.1344997023705367E+01
   0.9766666666666667E+00   0.1260073510852218E+01
   0.9800000000000001E+00   0.1144122805909048E+01
   0.9833333333333334E+00   0.1000000000005912E+01
   0.9866666666666667E+00   0.8312538753691897E+00
   0.9900000000000001E+00   0.6420395219051844E+00
   0.9933333333333334E+00   0.4370160245621408E+00
   0.9966666666666667E+00   0.2212317420075599E+00
   0.1000000000000000E+01  -0.6665656031070353E-17
