   0.0000000000000000E+00   0.0000000000000000E+00
   0.3333333333333334E-02   0.1625456770471807E+00
   0.6666666666666667E-02   0.3229368974910456E+00
   0.1000000000000000E-01   0.4790477608998674E+00
   0.1333333333333333E-01   0.6288091007101118E+00
   0.1666666666666667E-01   0.7702359099180603E+00
   0.2000000000000000E-01   0.9014536512882900E+00
   0.2333333333333333E-01   0.1020723103357808E+01
   0.2666666666666667E-01   0.1126463412899495E+01
   0.3000000000000000E-01   0.1217273048287178E+01
   0.3333333333333333E-01   0.1291948376044135E+01
   0.3666666666666667E-01   0.1349499614361891E+01
   0.4000000000000000E-01   0.1389163952138166E+01
   0.4333333333333333E-01   0.1410415659642579E+01
   0.4666666666666667E-01   0.1412973056788952E+01
   0.5000000000000000E-01   0.1396802246648978E+01
   0.5333333333333334E-01   0.1362117564726901E+01
   0.5666666666666667E-01   0.1309378738050478E+01
   0.6000000000000000E-01   0.1239284791738366E+01
   0.6333333333333334E-01   0.1152764783805062E+01
   0.6666666666666667E-01   0.1050965490998648E+01
   0.7000000000000001E-01   0.9352362088821133E+00
   0.7333333333333333E-01   0.8071108676272524E+00
   0.7666666666666667E-01   0.6682877005753811E+00
   0.8000000000000000E-01   0.5206067350546819E+00
   0.8333333333333334E-01   0.3660254038021205E+00
   0.8666666666666667E-01   0.2065926002418667E+00
   0.9000000000000001E-01   0.4442152149656966E-01
   0.9333333333333334E-01  -0.1183383409203199E+00
   0.9666666666666668E-01  -0.2795296914804972E+00
   0.1000000000000000E+00  -0.4370160244546053E+00
   0.1033333333333333E+00  -0.5887099421627523E+00
   0.1066666666666667E+00  -0.7326008223167226E+00
   0.1100000000000000E+00  -0.8667814677415187E+00
   0.1133333333333333E+00  -0.9894733852550921E+00
   0.1166666666666667E+00  -0.1099050358653155E+01
   0.1200000000000000E+00  -0.1194060003350476E+01
   0.1233333333333333E+00  -0.1273243016976038E+01
   0.1266666666666667E+00  -0.1335549870757709E+01
   0.1300000000000000E+00  -0.1380154720459551E+01
   0.1333333333333333E+00  -0.1406466352497075E+01
   0.1366666666666667E+00  -0.1414136020155363E+01
   0.1400000000000000E+00  -0.1403062066048871E+01
   0.1433333333333333E+00  -0.1373391269548534E+01
   0.1466666666666667E+00  -0.1325516901305965E+01
   0.1500000000000000E+00  -0.1260073510655128E+01
   0.1533333333333333E+00  -0.1177928514986171E+01
   0.1566666666666667E+00  -0.1080170702580101E+01
   0.1600000000000000E+00  -0.9680958013000551E+00
   0.1633333333333333E+00  -0.8431893044165658E+00
   0.1666666666666667E+00  -0.7071067811927740E+00
   0.1700000000000000E+00  -0.5616519331948310E+00
   0.1733333333333333E+00  -0.4087526871789732E+00
   0.1766666666666667E+00  -0.2504356414373134E+00
   0.1800000000000000E+00  -0.8879920430939968E-01
   0.1833333333333333E+00   0.7401421910270982E-01
   0.1866666666666667E+00   0.2358466233680470E+00
   0.1900000000000000E+00   0.3945530059351497E+00
   0.1933333333333334E+00   0.5480297980001295E+00
   0.1966666666666667E+00   0.6942427461994539E+00
   0.2000000000000000E+00   0.8312538755666072E+00
   0.2033333333333333E+00   0.9572471763663171E+00
   0.2066666666666667E+00   0.1070552674336231E+01
   0.2100000000000000E+00   0.1169668565299140E+01
   0.2133333333333333E+00   0.1253281120770716E+01
   0.2166666666666667E+00   0.1320282100732209E+01
   0.2200000000000000E+00   0.1369783442772147E+01
   0.2233333333333334E+00   0.1401129032893088E+01
   0.2266666666666667E+00   0.1413903401957820E+01
   0.2300000000000000E+00   0.1407937232504575E+01
   0.2333333333333333E+00   0.1383309602947725E+01
   0.2366666666666667E+00   0.1340346939429032E+01
   0.2400000000000000E+00   0.1279618689217545E+01
   0.2433333333333333E+00   0.1201929773000490E+01
   0.2466666666666667E+00   0.1108309916095629E+01
   0.2500000000000000E+00   0.9999999999871634E+00
   0.2533333333333334E+00   0.8784356150906889E+00
   0.2566666666666667E+00   0.7452280327554073E+00
   0.2600000000000000E+00   0.6021428487169718E+00
   0.2633333333333334E+00   0.4510765810709525E+00
   0.2666666666666667E+00   0.2940315329422471E+00
   0.2700000000000000E+00   0.1330892530251598E+00
   0.2733333333333334E+00  -0.2961705424207256E-01
   0.2766666666666667E+00  -0.1919308031770173E+00
   0.2800000000000000E+00  -0.3517006112576708E+00
   0.2833333333333333E+00  -0.5068088145559203E+00
   0.2866666666666667E+00  -0.6551995362421004E+00
   0.2900000000000000E+00  -0.7949059361314739E+00
   0.2933333333333333E+00  -0.9240762801010352E+00
   0.2966666666666667E+00  -0.1040998483844732E+01
   0.3000000000000000E+00  -0.1144122805650960E+01
   0.3033333333333333E+00  -0.1232082387414364E+01
   0.3066666666666667E+00  -0.1303711371614184E+01
   0.3100000000000000E+00  -0.1358060354127236E+01
   0.3133333333333334E+00  -0.1394408968064158E+01
   0.3166666666666667E+00  -0.1412275431846465E+01
   0.3200000000000000E+00  -0.1411422934973048E+01
   0.3233333333333334E+00  -0.1391862776829849E+01
   0.3266666666666667E+00  -0.1353854216928741E+01
   0.3300000000000000E+00  -0.1297901038555118E+01
   0.3333333333333334E+00  -0.1224744871376036E+01
   0.3366666666666667E+00  -0.1135355361524690E+01
   0.3400000000000000E+00  -0.1030917319458232E+01
   0.3433333333333334E+00  -0.9128150159348871E+00
   0.3466666666666667E+00  -0.7826138342497859E+00
   0.3500000000000000E+00  -0.6420395219118988E+00
   0.3533333333333333E+00  -0.4929553167700991E+00
   0.3566666666666667E+00  -0.3373372507758625E+00
   0.3600000000000000E+00  -0.1772479587252811E+00
   0.3633333333333333E+00  -0.1480933913411804E-01
   0.3666666666666667E+00   0.1478255703916222E+00
   0.3700000000000001E+00   0.3085011305186475E+00
   0.3733333333333334E+00   0.4650876720401032E+00
   0.3766666666666667E+00   0.6155097235157688E+00
   0.3800000000000000E+00   0.7577735205521157E+00
   0.3833333333333334E+00   0.8899934320950151E+00
   0.3866666666666667E+00   0.1010416953464381E+01
   0.3900000000000000E+00   0.1117447934863269E+01
   0.3933333333333334E+00   0.1209667737487267E+01
   0.3966666666666667E+00   0.1285854036828365E+01
   0.4000000000000000E+00   0.1344997023946195E+01
   0.4033333333333334E+00   0.1386312789960052E+01
   0.4066666666666667E+00   0.1409253716347857E+01
   0.4100000000000000E+00   0.1413515733330923E+01
   0.4133333333333334E+00   0.1399042350145118E+01
   0.4166666666666667E+00   0.1366025403789970E+01
   0.4200000000000000E+00   0.1314902516336615E+01
   0.4233333333333333E+00   0.1246351294491819E+01
   0.4266666666666667E+00   0.1161280348289180E+01
   0.4300000000000000E+00   0.1060817247943213E+01
   0.4333333333333333E+00   0.9462935784945719E+00
   0.4366666666666667E+00   0.8192272903483767E+00
   0.4400000000000000E+00   0.6813025796472302E+00
   0.4433333333333334E+00   0.5343475651536972E+00
   0.4466666666666667E+00   0.3803100575166630E+00
   0.4500000000000000E+00   0.2212317420797160E+00
   0.4533333333333334E+00   0.5922111742243528E-01
   0.4566666666666667E+00  -0.1035744516766050E+00
   0.4600000000000000E+00  -0.2649971964258852E+00
   0.4633333333333334E+00  -0.4229075441002860E+00
   0.4666666666666667E+00  -0.5752124769346290E+00
   0.4700000000000000E+00  -0.7198932739538206E+00
   0.4733333333333334E+00  -0.8550322680426597E+00
   0.4766666666666667E+00  -0.9788382636083900E+00
   0.4800000000000000E+00  -0.1089670277936230E+01
   0.4833333333333333E+00  -0.1186059291551586E+01
   0.4866666666666667E+00  -0.1266727719292485E+01
   0.4900000000000000E+00  -0.1330606344012927E+01
   0.4933333333333333E+00  -0.1376848488477468E+01
   0.4966666666666667E+00  -0.1404841237615407E+01
   0.5000000000000000E+00  -0.1414213562392411E+01
   0.5033333333333334E+00  -0.1404841237615456E+01
   0.5066666666666667E+00  -0.1376848488477566E+01
   0.5100000000000000E+00  -0.1330606344013071E+01
   0.5133333333333334E+00  -0.1266727719292674E+01
   0.5166666666666667E+00  -0.1186059291551818E+01
   0.5200000000000000E+00  -0.1089670277936499E+01
   0.5233333333333333E+00  -0.9788382636086951E+00
   0.5266666666666667E+00  -0.8550322680429896E+00
   0.5300000000000000E+00  -0.7198932739541763E+00
   0.5333333333333333E+00  -0.5752124769350045E+00
   0.5366666666666667E+00  -0.4229075441006681E+00
   0.5400000000000000E+00  -0.2649971964262752E+00
   0.5433333333333333E+00  -0.1035744516769940E+00
   0.5466666666666667E+00   0.5922111742205595E-01
   0.5500000000000000E+00   0.2212317420793466E+00
   0.5533333333333333E+00   0.3803100575163120E+00
   0.5566666666666668E+00   0.5343475651533727E+00
   0.5600000000000001E+00   0.6813025796469312E+00
   0.5633333333333334E+00   0.8192272903481103E+00
   0.5666666666666667E+00   0.9462935784943396E+00
   0.5700000000000001E+00   0.1060817247943022E+01
   0.5733333333333334E+00   0.1161280348289029E+01
   0.5766666666666667E+00   0.1246351294491710E+01
   0.5800000000000001E+00   0.1314902516336552E+01
   0.5833333333333334E+00   0.1366025403789951E+01
   0.5866666666666667E+00   0.1399042350145146E+01
   0.5900000000000001E+00   0.1413515733330998E+01
   0.5933333333333334E+00   0.1409253716347979E+01
   0.5966666666666667E+00   0.1386312789960223E+01
   0.6000000000000001E+00   0.1344997023946414E+01
   0.6033333333333334E+00   0.1285854036828632E+01
   0.6066666666666667E+00   0.1209667737487581E+01
   0.6100000000000000E+00   0.1117447934863631E+01
   0.6133333333333334E+00   0.1010416953464781E+01
   0.6166666666666667E+00   0.8899934320954566E+00
   0.6200000000000000E+00   0.7577735205525932E+00
   0.6233333333333334E+00   0.6155097235162683E+00
   0.6266666666666667E+00   0.4650876720406258E+00
   0.6300000000000000E+00   0.3085011305191824E+00
   0.6333333333333334E+00   0.1478255703921580E+00
   0.6366666666666667E+00  -0.1480933913358453E-01
   0.6400000000000000E+00  -0.1772479587247610E+00
   0.6433333333333334E+00  -0.3373372507753665E+00
   0.6466666666666667E+00  -0.4929553167696296E+00
   0.6500000000000000E+00  -0.6420395219114644E+00
   0.6533333333333333E+00  -0.7826138342493903E+00
   0.6566666666666667E+00  -0.9128150159345422E+00
   0.6600000000000000E+00  -0.1030917319457935E+01
   0.6633333333333333E+00  -0.1135355361524443E+01
   0.6666666666666667E+00  -0.1224744871375848E+01
   0.6700000000000000E+00  -0.1297901038554985E+01
   0.6733333333333333E+00  -0.1353854216928665E+01
   0.6766666666666667E+00  -0.1391862776829834E+01
   0.6800000000000000E+00  -0.1411422934973091E+01
   0.6833333333333333E+00  -0.1412275431846566E+01
   0.6866666666666668E+00  -0.1394408968064316E+01
   0.6900000000000001E+00  -0.1358060354127449E+01
   0.6933333333333334E+00  -0.1303711371614449E+01
   0.6966666666666667E+00  -0.1232082387414678E+01
   0.7000000000000001E+00  -0.1144122805651314E+01
   0.7033333333333334E+00  -0.1040998483845123E+01
   0.7066666666666667E+00  -0.9240762801014597E+00
   0.7100000000000001E+00  -0.7949059361319185E+00
   0.7133333333333334E+00  -0.6551995362425653E+00
   0.7166666666666667E+00  -0.5068088145563994E+00
   0.7200000000000001E+00  -0.3517006112581492E+00
   0.7233333333333334E+00  -0.1919308031774968E+00
   0.7266666666666667E+00  -0.2961705424254441E-01
   0.7300000000000001E+00   0.1330892530247042E+00
   0.7333333333333334E+00   0.2940315329418081E+00
   0.7366666666666667E+00   0.4510765810705385E+00
   0.7400000000000001E+00   0.6021428487165896E+00
   0.7433333333333334E+00   0.7452280327550598E+00
   0.7466666666666667E+00   0.8784356150903775E+00
   0.7500000000000000E+00   0.9999999999868926E+00
   0.7533333333333334E+00   0.1108309916095406E+01
   0.7566666666666667E+00   0.1201929773000314E+01
   0.7600000000000000E+00   0.1279618689217418E+01
   0.7633333333333334E+00   0.1340346939428959E+01
   0.7666666666666667E+00   0.1383309602947705E+01
   0.7700000000000000E+00   0.1407937232504609E+01
   0.7733333333333334E+00   0.1413903401957911E+01
   0.7766666666666667E+00   0.1401129032893236E+01
   0.7800000000000000E+00   0.1369783442772351E+01
   0.7833333333333334E+00   0.1320282100732467E+01
   0.7866666666666667E+00   0.1253281120771027E+01
   0.7900000000000000E+00   0.1169668565299503E+01
   0.7933333333333333E+00   0.1070552674336641E+01
   0.7966666666666667E+00   0.9572471763667654E+00
   0.8000000000000000E+00   0.8312538755670890E+00
   0.8033333333333333E+00   0.6942427461999626E+00
   0.8066666666666668E+00   0.5480297980006530E+00
   0.8100000000000001E+00   0.3945530059356863E+00
   0.8133333333333334E+00   0.2358466233685877E+00
   0.8166666666666668E+00   0.7401421910324270E-01
   0.8200000000000001E+00  -0.8879920430887570E-01
   0.8233333333333334E+00  -0.2504356414368031E+00
   0.8266666666666668E+00  -0.4087526871784889E+00
   0.8300000000000001E+00  -0.5616519331943731E+00
   0.8333333333333334E+00  -0.7071067811923476E+00
   0.8366666666666667E+00  -0.8431893044161756E+00
   0.8400000000000001E+00  -0.9680958012997112E+00
   0.8433333333333334E+00  -0.1080170702579804E+01
   0.8466666666666667E+00  -0.1177928514985928E+01
   0.8500000000000001E+00  -0.1260073510654942E+01
   0.8533333333333334E+00  -0.1325516901305835E+01
   0.8566666666666667E+00  -0.1373391269548464E+01
   0.8600000000000001E+00  -0.1403062066048861E+01
   0.8633333333333334E+00  -0.1414136020155410E+01
   0.8666666666666667E+00  -0.1406466352497176E+01
   0.8700000000000001E+00  -0.1380154720459703E+01
   0.8733333333333334E+00  -0.1335549870757907E+01
   0.8766666666666667E+00  -0.1273243016976280E+01
   0.8800000000000000E+00  -0.1194060003350754E+01
   0.8833333333333334E+00  -0.1099050358653464E+01
   0.8866666666666667E+00  -0.9894733852554287E+00
   0.8900000000000000E+00  -0.8667814677418773E+00
   0.8933333333333334E+00  -0.7326008223170920E+00
   0.8966666666666667E+00  -0.5887099421631292E+00
   0.9000000000000000E+00  -0.4370160244549817E+00
   0.9033333333333334E+00  -0.2795296914808578E+00
   0.9066666666666667E+00  -0.1183383409206608E+00
   0.9100000000000000E+00   0.4442152149625710E-01
   0.9133333333333334E+00   0.2065926002415945E+00
   0.9166666666666667E+00   0.3660254038018869E+00
   0.9200000000000000E+00   0.5206067350544864E+00
   0.9233333333333333E+00   0.6682877005752202E+00
   0.9266666666666667E+00   0.8071108676271248E+00
   0.9300000000000000E+00   0.9352362088820074E+00
   0.9333333333333333E+00   0.1050965490998559E+01
   0.9366666666666668E+00   0.1152764783804989E+01
   0.9400000000000001E+00   0.1239284791738308E+01
   0.9433333333333334E+00   0.1309378738050440E+01
   0.9466666666666668E+00   0.1362117564726888E+01
   0.9500000000000001E+00   0.1396802246648992E+01
   0.9533333333333334E+00   0.1412973056788992E+01
   0.9566666666666668E+00   0.1410415659642638E+01
   0.9600000000000001E+00   0.1389163952138234E+01
   0.9633333333333334E+00   0.1349499614361959E+01
   0.9666666666666667E+00   0.1291948376044200E+01
   0.9700000000000001E+00   0.1217273048287243E+01
   0.9733333333333334E+00   0.1126463412899572E+01
   0.9766666666666667E+00   0.1020723103357901E+01
   0.9800000000000001E+00   0.9014536512883419E+00
   0.9833333333333334E+00   0.7702359099181351E+00
   0.9866666666666667E+00   0.6288091007101220E+00
   0.9900000000000001E+00   0.4790477608998553E+00
   0.9933333333333334E+00   0.3229368974910746E+00
   0.9966666666666667E+00   0.1625456770472327E+00
   0.1000000000000000E+01   0.6264614789557706E-16
