   0.0000000000000000E+00   0.0000000000000000E+00
   0.3333333333333334E-02   0.2795296877811261E+00
   0.6666666666666667E-02   0.5480298026432920E+00
   0.1000000000000000E-01   0.7949059377724075E+00
   0.1333333333333333E-01   0.1010416945944674E+01
   0.1666666666666667E-01   0.1186059287351093E+01
   0.2000000000000000E-01   0.1314902523644305E+01
   0.2333333333333333E-01   0.1391862787772493E+01
   0.2666666666666667E-01   0.1413903403059568E+01
   0.3000000000000000E-01   0.1380154708291146E+01
   0.3333333333333333E-01   0.1291948361168600E+01
   0.3666666666666667E-01   0.1152764780837724E+01
   0.4000000000000000E-01   0.9680958153056891E+00
   0.4333333333333333E-01   0.7452280540798942E+00
   0.4666666666666667E-01   0.4929553282434909E+00
   0.5000000000000000E-01   0.2212317325133710E+00
   0.5333333333333334E-01  -0.5922114384821366E-01
   0.5666666666666667E-01  -0.3373372762711857E+00
   0.6000000000000000E-01  -0.6021428538947086E+00
   0.6333333333333334E-01  -0.8431892824835909E+00
   0.6666666666666667E-01  -0.1050965454063647E+01
   0.7000000000000001E-01  -0.1217273020557650E+01
   0.7333333333333333E-01  -0.1335549872460328E+01
   0.7666666666666667E-01  -0.1401129065596332E+01
   0.8000000000000000E-01  -0.1411422979190344E+01
   0.8333333333333334E-01  -0.1366025431192689E+01
   0.8666666666666667E-01  -0.1266727711593957E+01
   0.9000000000000001E-01  -0.1117447896252265E+01
   0.9333333333333334E-01  -0.9240762346438359E+00
   0.9666666666666668E-01  -0.6942427221411075E+00
   0.1000000000000000E+00  -0.4370160360620655E+00
   0.1033333333333333E+00  -0.1625457158286760E+00
   0.1066666666666667E+00   0.1183383002045776E+00
   0.1100000000000000E+00   0.3945529888358520E+00
   0.1133333333333333E+00   0.6551995522190128E+00
   0.1166666666666667E+00   0.8899934687350743E+00
   0.1200000000000000E+00   0.1089670309560859E+01
   0.1233333333333333E+00   0.1246351299668147E+01
   0.1266666666666667E+00   0.1353854193141602E+01
   0.1300000000000000E+00   0.1407937197721430E+01
   0.1333333333333333E+00   0.1406466332346996E+01
   0.1366666666666667E+00   0.1349499623910820E+01
   0.1400000000000000E+00   0.1239284824779186E+01
   0.1433333333333333E+00   0.1080170736029942E+01
   0.1466666666666667E+00   0.8784356251087677E+00
   0.1500000000000000E+00   0.6420395004017154E+00
   0.1533333333333333E+00   0.3803100177149407E+00
   0.1566666666666667E+00   0.1035744194349453E+00
   0.1600000000000000E+00  -0.1772479619788695E+00
   0.1633333333333333E+00  -0.4510765525425984E+00
   0.1666666666666667E+00  -0.7071067388642704E+00
   0.1700000000000000E+00  -0.9352361799963912E+00
   0.1733333333333333E+00  -0.1126463416035690E+01
   0.1766666666666667E+00  -0.1273243049595099E+01
   0.1800000000000000E+00  -0.1369783482691189E+01
   0.1833333333333333E+00  -0.1412275452307090E+01
   0.1866666666666667E+00  -0.1399042338089852E+01
   0.1900000000000000E+00  -0.1330606308830620E+01
   0.1933333333333334E+00  -0.1209667704136983E+01
   0.1966666666666667E+00  -0.1040998475411100E+01
   0.2000000000000000E+00  -0.8312538975227937E+00
   0.2033333333333333E+00  -0.5887099790156931E+00
   0.2066666666666667E+00  -0.3229369236315940E+00
   0.2100000000000000E+00  -0.4442151862471088E-01
   0.2133333333333333E+00   0.2358466540171657E+00
   0.2166666666666667E+00   0.5068088528432725E+00
   0.2200000000000000E+00   0.7577735406750972E+00
   0.2233333333333334E+00   0.9788382514038004E+00
   0.2266666666666667E+00   0.1161280311150812E+01
   0.2300000000000000E+00   0.1297901000932272E+01
   0.2333333333333333E+00   0.1383309589995876E+01
   0.2366666666666667E+00   0.1414136040530591E+01
   0.2400000000000000E+00   0.1389163991957880E+01
   0.2433333333333333E+00   0.1309378770396085E+01
   0.2466666666666667E+00   0.1177928518439283E+01
   0.2500000000000000E+00   0.9999999729834040E+00
   0.2533333333333334E+00   0.7826137956961089E+00
   0.2566666666666667E+00   0.5343475412761326E+00
   0.2600000000000000E+00   0.2649972031186411E+00
   0.2633333333333334E+00  -0.1480930671804373E-01
   0.2666666666666667E+00  -0.2940314969538577E+00
   0.2700000000000000E+00  -0.5616519182586631E+00
   0.2733333333333334E+00  -0.8071108843122111E+00
   0.2766666666666667E+00  -0.1020723140786879E+01
   0.2800000000000000E+00  -0.1194060036209268E+01
   0.2833333333333333E+00  -0.1320282106326531E+01
   0.2866666666666667E+00  -0.1394408942083979E+01
   0.2900000000000000E+00  -0.1413515693116767E+01
   0.2933333333333333E+00  -0.1376848461240644E+01
   0.2966666666666667E+00  -0.1285854040955766E+01
   0.3000000000000000E+00  -0.1144122838170887E+01
   0.3033333333333333E+00  -0.9572472152124606E+00
   0.3066666666666667E+00  -0.7326008415108127E+00
   0.3100000000000000E+00  -0.4790477479732425E+00
   0.3133333333333334E+00  -0.2065925642541901E+00
   0.3166666666666667E+00   0.7401425387120003E-01
   0.3200000000000000E+00   0.3517006214896500E+00
   0.3233333333333334E+00   0.6155097023558671E+00
   0.3266666666666667E+00   0.8550322297856295E+00
   0.3300000000000000E+00   0.1060817218624138E+01
   0.3333333333333334E+00   0.1224744871213864E+01
   0.3366666666666667E+00   0.1340346968840851E+01
   0.3400000000000000E+00   0.1403062105041798E+01
   0.3433333333333334E+00   0.1410415681443937E+01
   0.3466666666666667E+00   0.1362117554278030E+01
   0.3500000000000000E+00   0.1260073475055974E+01
   0.3533333333333333E+00   0.1108309879542477E+01
   0.3566666666666667E+00   0.9128150030849776E+00
   0.3600000000000000E+00   0.6813025989779161E+00
   0.3633333333333333E+00   0.4229075824829669E+00
   0.3666666666666667E+00   0.1478256021285203E+00
   0.3700000000000001E+00  -0.1330892490586791E+00
   0.3733333333333334E+00  -0.4087527135872077E+00
   0.3766666666666667E+00  -0.6682877396763660E+00
   0.3800000000000000E+00  -0.9014536767485624E+00
   0.3833333333333334E+00  -0.1099050353127147E+01
   0.3866666666666667E+00  -0.1253281087885156E+01
   0.3900000000000000E+00  -0.1358060316277268E+01
   0.3933333333333334E+00  -0.1409253699491763E+01
   0.3966666666666667E+00  -0.1404841253353963E+01
   0.4000000000000000E+00  -0.1344997061453604E+01
   0.4033333333333334E+00  -0.1232082420976489E+01
   0.4066666666666667E+00  -0.1070552681131223E+01
   0.4100000000000000E+00  -0.8667814433236389E+00
   0.4133333333333334E+00  -0.6288090617230190E+00
   0.4166666666666667E+00  -0.3660253764708162E+00
   0.4200000000000000E+00  -0.8879920693474787E-01
   0.4233333333333333E+00   0.1919307723385169E+00
   0.4266666666666667E+00   0.4650876335801439E+00
   0.4300000000000000E+00   0.7198932536910445E+00
   0.4333333333333333E+00   0.9462935902357283E+00
   0.4366666666666667E+00   0.1135355397555610E+01
   0.4400000000000000E+00   0.1279618725179428E+01
   0.4433333333333334E+00   0.1373391280889567E+01
   0.4466666666666667E+00   0.1412973035716538E+01
   0.4500000000000000E+00   0.1396802207597952E+01
   0.4533333333333334E+00   0.1325516871006565E+01
   0.4566666666666667E+00   0.1201929772026468E+01
   0.4600000000000000E+00   0.1030917348227373E+01
   0.4633333333333334E+00   0.8192273291445603E+00
   0.4666666666666667E+00   0.5752124995382262E+00
   0.4700000000000000E+00   0.3085011218388180E+00
   0.4733333333333334E+00   0.2961702019472321E-01
   0.4766666666666667E+00  -0.2504356780043470E+00
   0.4800000000000000E+00  -0.5206067495396582E+00
   0.4833333333333333E+00  -0.7702358923902977E+00
   0.4866666666666667E+00  -0.9894733472821977E+00
   0.4900000000000000E+00  -0.1169668532527319E+01
   0.4933333333333333E+00  -0.1303711366439954E+01
   0.4966666666666667E+00  -0.1386312816108144E+01
   0.5000000000000000E+00  -0.1414213602101367E+01
   0.5033333333333334E+00  -0.1386312816108116E+01
   0.5066666666666667E+00  -0.1303711366439901E+01
   0.5100000000000000E+00  -0.1169668532527241E+01
   0.5133333333333334E+00  -0.9894733472820927E+00
   0.5166666666666667E+00  -0.7702358923901754E+00
   0.5200000000000000E+00  -0.5206067495395185E+00
   0.5233333333333333E+00  -0.2504356780042005E+00
   0.5266666666666667E+00   0.2961702019488535E-01
   0.5300000000000000E+00   0.3085011218389751E+00
   0.5333333333333333E+00   0.5752124995383714E+00
   0.5366666666666667E+00   0.8192273291446993E+00
   0.5400000000000000E+00   0.1030917348227488E+01
   0.5433333333333333E+00   0.1201929772026556E+01
   0.5466666666666667E+00   0.1325516871006625E+01
   0.5500000000000000E+00   0.1396802207597976E+01
   0.5533333333333333E+00   0.1412973035716530E+01
   0.5566666666666668E+00   0.1373391280889526E+01
   0.5600000000000001E+00   0.1279618725179360E+01
   0.5633333333333334E+00   0.1135355397555516E+01
   0.5666666666666667E+00   0.9462935902356170E+00
   0.5700000000000001E+00   0.7198932536909075E+00
   0.5733333333333334E+00   0.4650876335799978E+00
   0.5766666666666667E+00   0.1919307723383656E+00
   0.5800000000000001E+00  -0.8879920693491437E-01
   0.5833333333333334E+00  -0.3660253764709789E+00
   0.5866666666666667E+00  -0.6288090617231784E+00
   0.5900000000000001E+00  -0.8667814433237926E+00
   0.5933333333333334E+00  -0.1070552681131359E+01
   0.5966666666666667E+00  -0.1232082420976605E+01
   0.6000000000000001E+00  -0.1344997061453695E+01
   0.6033333333333334E+00  -0.1404841253354023E+01
   0.6066666666666667E+00  -0.1409253699491791E+01
   0.6100000000000000E+00  -0.1358060316277265E+01
   0.6133333333333334E+00  -0.1253281087885120E+01
   0.6166666666666667E+00  -0.1099050353127087E+01
   0.6200000000000000E+00  -0.9014536767484858E+00
   0.6233333333333334E+00  -0.6682877396762650E+00
   0.6266666666666667E+00  -0.4087527135870995E+00
   0.6300000000000000E+00  -0.1330892490585628E+00
   0.6333333333333334E+00   0.1478256021286478E+00
   0.6366666666666667E+00   0.4229075824830950E+00
   0.6400000000000000E+00   0.6813025989780481E+00
   0.6433333333333334E+00   0.9128150030851164E+00
   0.6466666666666667E+00   0.1108309879542614E+01
   0.6500000000000000E+00   0.1260073475056109E+01
   0.6533333333333333E+00   0.1362117554278158E+01
   0.6566666666666667E+00   0.1410415681444054E+01
   0.6600000000000000E+00   0.1403062105041898E+01
   0.6633333333333333E+00   0.1340346968840929E+01
   0.6666666666666667E+00   0.1224744871213913E+01
   0.6700000000000000E+00   0.1060817218624160E+01
   0.6733333333333333E+00   0.8550322297856292E+00
   0.6766666666666667E+00   0.6155097023558358E+00
   0.6800000000000000E+00   0.3517006214896054E+00
   0.6833333333333333E+00   0.7401425387114317E-01
   0.6866666666666668E+00  -0.2065925642542586E+00
   0.6900000000000001E+00  -0.4790477479733095E+00
   0.6933333333333334E+00  -0.7326008415108808E+00
   0.6966666666666667E+00  -0.9572472152125272E+00
   0.7000000000000001E+00  -0.1144122838170962E+01
   0.7033333333333334E+00  -0.1285854040955842E+01
   0.7066666666666667E+00  -0.1376848461240723E+01
   0.7100000000000001E+00  -0.1413515693116850E+01
   0.7133333333333334E+00  -0.1394408942084063E+01
   0.7166666666666667E+00  -0.1320282106326613E+01
   0.7200000000000001E+00  -0.1194060036209336E+01
   0.7233333333333334E+00  -0.1020723140786936E+01
   0.7266666666666667E+00  -0.8071108843122488E+00
   0.7300000000000001E+00  -0.5616519182586750E+00
   0.7333333333333334E+00  -0.2940314969538523E+00
   0.7366666666666667E+00  -0.1480930671801925E-01
   0.7400000000000001E+00   0.2649972031186841E+00
   0.7433333333333334E+00   0.5343475412761863E+00
   0.7466666666666667E+00   0.7826137956961651E+00
   0.7500000000000000E+00   0.9999999729834611E+00
   0.7533333333333334E+00   0.1177928518439349E+01
   0.7566666666666667E+00   0.1309378770396155E+01
   0.7600000000000000E+00   0.1389163991957956E+01
   0.7633333333333334E+00   0.1414136040530676E+01
   0.7666666666666667E+00   0.1383309589995970E+01
   0.7700000000000000E+00   0.1297901000932373E+01
   0.7733333333333334E+00   0.1161280311150910E+01
   0.7766666666666667E+00   0.9788382514038952E+00
   0.7800000000000000E+00   0.7577735406751820E+00
   0.7833333333333334E+00   0.5068088528433301E+00
   0.7866666666666667E+00   0.2358466540172001E+00
   0.7900000000000000E+00  -0.4442151862470162E-01
   0.7933333333333333E+00  -0.3229369236316090E+00
   0.7966666666666667E+00  -0.5887099790157354E+00
   0.8000000000000000E+00  -0.8312538975228493E+00
   0.8033333333333333E+00  -0.1040998475411164E+01
   0.8066666666666668E+00  -0.1209667704137056E+01
   0.8100000000000001E+00  -0.1330606308830693E+01
   0.8133333333333334E+00  -0.1399042338089925E+01
   0.8166666666666668E+00  -0.1412275452307169E+01
   0.8200000000000001E+00  -0.1369783482691274E+01
   0.8233333333333334E+00  -0.1273243049595193E+01
   0.8266666666666668E+00  -0.1126463416035788E+01
   0.8300000000000001E+00  -0.9352361799964958E+00
   0.8333333333333334E+00  -0.7071067388643743E+00
   0.8366666666666667E+00  -0.4510765525426950E+00
   0.8400000000000001E+00  -0.1772479619789365E+00
   0.8433333333333334E+00   0.1035744194349080E+00
   0.8466666666666667E+00   0.3803100177149391E+00
   0.8500000000000001E+00   0.6420395004017591E+00
   0.8533333333333334E+00   0.8784356251088414E+00
   0.8566666666666667E+00   0.1080170736030041E+01
   0.8600000000000001E+00   0.1239284824779302E+01
   0.8633333333333334E+00   0.1349499623910937E+01
   0.8666666666666667E+00   0.1406466332347106E+01
   0.8700000000000001E+00   0.1407937197721526E+01
   0.8733333333333334E+00   0.1353854193141683E+01
   0.8766666666666667E+00   0.1246351299668216E+01
   0.8800000000000000E+00   0.1089670309560919E+01
   0.8833333333333334E+00   0.8899934687351218E+00
   0.8866666666666667E+00   0.6551995522190537E+00
   0.8900000000000000E+00   0.3945529888358844E+00
   0.8933333333333334E+00   0.1183383002045835E+00
   0.8966666666666667E+00  -0.1625457158286960E+00
   0.9000000000000000E+00  -0.4370160360621191E+00
   0.9033333333333334E+00  -0.6942427221412090E+00
   0.9066666666666667E+00  -0.9240762346439763E+00
   0.9100000000000000E+00  -0.1117447896252438E+01
   0.9133333333333334E+00  -0.1266727711594156E+01
   0.9166666666666667E+00  -0.1366025431192893E+01
   0.9200000000000000E+00  -0.1411422979190540E+01
   0.9233333333333333E+00  -0.1401129065596508E+01
   0.9266666666666667E+00  -0.1335549872460479E+01
   0.9300000000000000E+00  -0.1217273020557774E+01
   0.9333333333333333E+00  -0.1050965454063749E+01
   0.9366666666666668E+00  -0.8431892824836656E+00
   0.9400000000000001E+00  -0.6021428538947619E+00
   0.9433333333333334E+00  -0.3373372762712121E+00
   0.9466666666666668E+00  -0.5922114384819473E-01
   0.9500000000000001E+00   0.2212317325134346E+00
   0.9533333333333334E+00   0.4929553282436021E+00
   0.9566666666666668E+00   0.7452280540800558E+00
   0.9600000000000001E+00   0.9680958153058783E+00
   0.9633333333333334E+00   0.1152764780837925E+01
   0.9666666666666667E+00   0.1291948361168798E+01
   0.9700000000000001E+00   0.1380154708291343E+01
   0.9733333333333334E+00   0.1413903403059771E+01
   0.9766666666666667E+00   0.1391862787772707E+01
   0.9800000000000001E+00   0.1314902523644449E+01
   0.9833333333333334E+00   0.1186059287351288E+01
   0.9866666666666667E+00   0.1010416945944773E+01
   0.9900000000000001E+00   0.7949059377724542E+00
   0.9933333333333334E+00   0.5480298026433489E+00
   0.9966666666666667E+00   0.2795296877811906E+00
   0.1000000000000000E+01  -0.1542617845916088E-15
