   0.0000000000000000E+00   0.0000000000000000E+00
   0.3333333333333333E+00   0.7572506188370228E-02
   0.6666666666666666E+00   0.2546501307854333E-01
   0.1000000000000000E+01   0.4791490373604040E-01
   0.1333333333333333E+01   0.7080537343376694E-01
   0.1666666666666667E+01   0.9132157047773920E-01
   0.2000000000000000E+01   0.1076663108558808E+00
   0.2333333333333333E+01   0.1188262649100305E+00
   0.2666666666666667E+01   0.1243807838666512E+00
   0.3000000000000000E+01   0.1243466388847456E+00
   0.3333333333333333E+01   0.1190529053302051E+00
   0.3666666666666667E+01   0.1090410578716777E+00
   0.4000000000000000E+01   0.9498606339403268E-01
   0.4333333333333333E+01   0.7763488270733290E-01
   0.4666666666666666E+01   0.5775933111411696E-01
   0.5000000000000000E+01   0.3612071307250966E-01
   0.5333333333333333E+01   0.1344404695333289E-01
   0.5666666666666666E+01  -0.9599959560620661E-02
   0.6000000000000000E+01  -0.3240672731551426E-01
   0.6333333333333333E+01  -0.5444470760619821E-01
   0.6666666666666666E+01  -0.7525844277105216E-01
   0.7000000000000000E+01  -0.9446867561911755E-01
   0.7333333333333333E+01  -0.1117702409167475E+00
   0.7666666666666666E+01  -0.1269283390549500E+00
   0.8000000000000000E+01  -0.1397736795056084E+00
   0.8333333333333332E+01  -0.1501968868828750E+00
   0.8666666666666666E+01  -0.1581424828204894E+00
   0.9000000000000000E+01  -0.1636026902569045E+00
   0.9333333333333332E+01  -0.1666112512129650E+00
   0.9666666666666666E+01  -0.1672374031562193E+00
   0.1000000000000000E+02  -0.1655801211831548E+00
   0.1033333333333333E+02  -0.1617627022886818E+00
   0.1066666666666667E+02  -0.1559277428553145E+00
   0.1100000000000000E+02  -0.1482325402572385E+00
   0.1133333333333333E+02  -0.1388449333568729E+00
   0.1166666666666667E+02  -0.1279395840183116E+00
   0.1200000000000000E+02  -0.1156946920086423E+00
   0.1233333333333333E+02  -0.1022891283099858E+00
   0.1266666666666667E+02  -0.8789996649272297E-01
   0.1300000000000000E+02  -0.7270038803901878E-01
   0.1333333333333333E+02  -0.5685793505319989E-01
   0.1366666666666667E+02  -0.4053308240281116E-01
   0.1400000000000000E+02  -0.2387810079033143E-01
   0.1433333333333333E+02  -0.7036182378375296E-02
   0.1466666666666667E+02   0.9859198774858321E-02
   0.1500000000000000E+02   0.2668471819732063E-01
   0.1533333333333333E+02   0.4332744983552963E-01
   0.1566666666666667E+02   0.5968495618142277E-01
   0.1600000000000000E+02   0.7566524201929106E-01
   0.1633333333333333E+02   0.9118659242856972E-01
   0.1666666666666666E+02   0.1061773139633027E+00
   0.1700000000000000E+02   0.1205753962259211E+00
   0.1733333333333333E+02   0.1343281093889644E+00
   0.1766666666666666E+02   0.1473915516131081E+00
   0.1800000000000000E+02   0.1597301587777278E+00
   0.1833333333333333E+02   0.1713161874920856E+00
   0.1866666666666666E+02   0.1821291809987422E+00
   0.1900000000000000E+02   0.1921554263205086E+00
   0.1933333333333333E+02   0.2013874098397059E+00
   0.1966666666666666E+02   0.2098232774328459E+00
   0.2000000000000000E+02   0.2174663043128398E+00
   0.2033333333333333E+02   0.2243243788514831E+00
   0.2066666666666666E+02   0.2304095038635850E+00
   0.2100000000000000E+02   0.2357373181264393E+00
   0.2133333333333333E+02   0.2403266402795029E+00
   0.2166666666666666E+02   0.2441990366939031E+00
   0.2200000000000000E+02   0.2473784144143678E+00
   0.2233333333333333E+02   0.2498906398521084E+00
   0.2266666666666666E+02   0.2517631835409347E+00
   0.2300000000000000E+02   0.2530247909554592E+00
   0.2333333333333333E+02   0.2537051791247726E+00
   0.2366666666666666E+02   0.2538347585528022E+00
   0.2400000000000000E+02   0.2534443797732301E+00
   0.2433333333333333E+02   0.2525651037182248E+00
   0.2466666666666666E+02   0.2512279949624440E+00
   0.2500000000000000E+02   0.2494639368132427E+00
   0.2533333333333333E+02   0.2473034671514503E+00
   0.2566666666666666E+02   0.2447766338814852E+00
   0.2600000000000000E+02   0.2419128688221432E+00
   0.2633333333333333E+02   0.2387408788576218E+00
   0.2666666666666666E+02   0.2352885531698871E+00
   0.2700000000000000E+02   0.2315828853863008E+00
   0.2733333333333333E+02   0.2276499094986131E+00
   0.2766666666666666E+02   0.2235146484393650E+00
   0.2800000000000000E+02   0.2192010742379400E+00
   0.2833333333333333E+02   0.2147320787196425E+00
   0.2866666666666666E+02   0.2101294537560817E+00
   0.2900000000000000E+02   0.2054138801228094E+00
   0.2933333333333333E+02   0.2006049240696907E+00
   0.2966666666666666E+02   0.1957210407601739E+00
   0.3000000000000000E+02   0.1907795837868069E+00
   0.3033333333333333E+02   0.1857968200214688E+00
   0.3066666666666666E+02   0.1807879491093756E+00
   0.3100000000000000E+02   0.1757671269655715E+00
   0.3133333333333333E+02   0.1707474926810070E+00
   0.3166666666666666E+02   0.1657411982921821E+00
   0.3200000000000000E+02   0.1607594409134884E+00
   0.3233333333333333E+02   0.1558124967746516E+00
   0.3266666666666666E+02   0.1509097567469394E+00
   0.3300000000000000E+02   0.1460597629809752E+00
   0.3333333333333333E+02   0.1412702463160371E+00
   0.3366666666666666E+02   0.1365481641556132E+00
   0.3400000000000000E+02   0.1318997385367477E+00
   0.3433333333333333E+02   0.1273304941513460E+00
   0.3466666666666666E+02   0.1228452961061696E+00
   0.3500000000000000E+02   0.1184483872347850E+00
   0.3533333333333333E+02   0.1141434247992708E+00
   0.3566666666666666E+02   0.1099335164421478E+00
   0.3600000000000000E+02   0.1058212552698044E+00
   0.3633333333333333E+02   0.1018087539677580E+00
   0.3666666666666666E+02   0.9789767786549008E-01
   0.3700000000000000E+02   0.9408927688440695E-01
   0.3733333333333333E+02   0.9038441631679964E-01
   0.3766666666666666E+02   0.8678360639659709E-01
   0.3800000000000000E+02   0.8328703063431883E-01
   0.3833333333333333E+02   0.7989457289901386E-01
   0.3866666666666666E+02   0.7660584323921879E-01
   0.3900000000000000E+02   0.7342020244315227E-01
   0.3933333333333333E+02   0.7033678534555676E-01
   0.3966666666666666E+02   0.6735452289489081E-01
   0.4000000000000000E+02   0.6447216300002180E-01
   0.4033333333333333E+02   0.6168829018024295E-01
   0.4066666666666666E+02   0.5900134404640888E-01
   0.4100000000000000E+02   0.5640963664430917E-01
   0.4133333333333333E+02   0.5391136869413449E-01
   0.4166666666666666E+02   0.5150464476210408E-01
   0.4200000000000000E+02   0.4918748740205645E-01
   0.4233333333333333E+02   0.4695785030611289E-01
   0.4266666666666666E+02   0.4481363050445047E-01
   0.4300000000000000E+02   0.4275267965480950E-01
   0.4333333333333333E+02   0.4077281446264144E-01
   0.4366666666666666E+02   0.3887182627282248E-01
   0.4400000000000000E+02   0.3704748987363597E-01
   0.4433333333333333E+02   0.3529757155329979E-01
   0.4466666666666666E+02   0.3361983644870812E-01
   0.4500000000000000E+02   0.3201205522529885E-01
   0.4533333333333333E+02   0.3047201012606647E-01
   0.4566666666666666E+02   0.2899750042674579E-01
   0.4600000000000000E+02   0.2758634733310684E-01
   0.4633333333333333E+02   0.2623639835514679E-01
   0.4666666666666666E+02   0.2494553119175764E-01
   0.4700000000000000E+02   0.2371165715819938E-01
   0.4733333333333333E+02   0.2253272418743085E-01
   0.4766666666666666E+02   0.2140671943505514E-01
   0.4800000000000000E+02   0.2033167151633061E-01
   0.4833333333333333E+02   0.1930565240239112E-01
   0.4866666666666666E+02   0.1832677900151779E-01
   0.4900000000000000E+02   0.1739321445001658E-01
   0.4933333333333333E+02   0.1650316913598510E-01
   0.4966666666666666E+02   0.1565490147800729E-01
   0.5000000000000000E+02   0.1484671847959742E-01
   0.5033333333333333E+02   0.1407697607903041E-01
   0.5066666666666666E+02   0.1334407931304644E-01
   0.5100000000000000E+02   0.1264648231180710E-01
   0.5133333333333333E+02   0.1198268814140680E-01
   0.5166666666666666E+02   0.1135124850921091E-01
   0.5200000000000000E+02   0.1075076334629910E-01
   0.5233333333333333E+02   0.1017988028033920E-01
   0.5266666666666666E+02   0.9637294011304783E-02
   0.5300000000000000E+02   0.9121745601578524E-02
   0.5333333333333333E+02   0.8632021691151716E-02
   0.5366666666666666E+02   0.8166953647840621E-02
   0.5400000000000000E+02   0.7725416661690365E-02
   0.5433333333333333E+02   0.7306328792026928E-02
   0.5466666666666666E+02   0.6908649974946733E-02
   0.5500000000000000E+02   0.6531380998400661E-02
   0.5533333333333333E+02   0.6173562451432219E-02
   0.5566666666666666E+02   0.5834273653568530E-02
   0.5600000000000000E+02   0.5512631569834941E-02
   0.5633333333333333E+02   0.5207789716367920E-02
   0.5666666666666666E+02   0.4918937061136234E-02
   0.5700000000000000E+02   0.4645296923845052E-02
   0.5733333333333333E+02   0.4386125878690542E-02
   0.5766666666666666E+02   0.4140712663253508E-02
   0.5800000000000000E+02   0.3908377096467627E-02
   0.5833333333333333E+02   0.3688469008270297E-02
   0.5866666666666666E+02   0.3480367183240731E-02
   0.5900000000000000E+02   0.3283478320249418E-02
   0.5933333333333333E+02   0.3097236009883764E-02
   0.5966666666666666E+02   0.2921099731175830E-02
   0.6000000000000000E+02   0.2754553868937791E-02
   0.6033333333333333E+02   0.2597106752807853E-02
   0.6066666666666666E+02   0.2448289718923207E-02
   0.6100000000000000E+02   0.2307656194965789E-02
   0.6133333333333333E+02   0.2174780809170406E-02
   0.6166666666666666E+02   0.2049258523742629E-02
   0.6200000000000000E+02   0.1930703793004763E-02
   0.6233333333333333E+02   0.1818749746471434E-02
   0.6266666666666666E+02   0.1713047396951268E-02
   0.6300000000000000E+02   0.1613264873676803E-02
   0.6333333333333333E+02   0.1519086680380235E-02
   0.6366666666666666E+02   0.1430212978157354E-02
   0.6400000000000000E+02   0.1346358892894909E-02
   0.6433333333333333E+02   0.1267253846977173E-02
   0.6466666666666666E+02   0.1192640914934985E-02
   0.6500000000000000E+02   0.1122276202654561E-02
   0.6533333333333333E+02   0.1055928249723307E-02
   0.6566666666666666E+02   0.9933774544554441E-03
   0.6600000000000000E+02   0.9344155211112923E-03
   0.6633333333333333E+02   0.8788449287996707E-03
   0.6666666666666666E+02   0.8264784215332099E-03
   0.6700000000000000E+02   0.7771385188907609E-03
   0.6733333333333333E+02   0.7306570467290297E-03
   0.6766666666666666E+02   0.6868746873768169E-03
   0.6800000000000000E+02   0.6456405487393966E-03
   0.6833333333333333E+02   0.6068117517371205E-03
   0.6866666666666666E+02   0.5702530355011810E-03
   0.6900000000000000E+02   0.5358363797503789E-03
   0.6933333333333333E+02   0.5034406437753680E-03
   0.6966666666666666E+02   0.4729512214612546E-03
   0.7000000000000000E+02   0.4442597117853991E-03
   0.7033333333333333E+02   0.4172636042345965E-03
   0.7066666666666666E+02   0.3918659785944322E-03
   0.7100000000000000E+02   0.3679752185733496E-03
   0.7133333333333333E+02   0.3455047387345377E-03
   0.7166666666666666E+02   0.3243727242200751E-03
   0.7200000000000000E+02   0.3045018827636733E-03
   0.7233333333333333E+02   0.2858192085006191E-03
   0.7266666666666666E+02   0.2682557570961180E-03
   0.7300000000000000E+02   0.2517464317260988E-03
   0.7333333333333333E+02   0.2362297794575295E-03
   0.7366666666666666E+02   0.2216477975884913E-03
   0.7400000000000000E+02   0.2079457495215961E-03
   0.7433333333333333E+02   0.1950719897577445E-03
   0.7466666666666666E+02   0.1829777976107061E-03
   0.7500000000000000E+02   0.1716172192565129E-03
   0.7533333333333333E+02   0.1609469177450442E-03
   0.7566666666666666E+02   0.1509260306144627E-03
   0.7600000000000000E+02   0.1415160347622331E-03
   0.7633333333333333E+02   0.1326806182392531E-03
   0.7666666666666666E+02   0.1243855586461519E-03
   0.7700000000000000E+02   0.1165986078230549E-03
   0.7733333333333333E+02   0.1092893825360459E-03
   0.7766666666666666E+02   0.1024292608752264E-03
   0.7800000000000000E+02   0.9599128409069427E-04
   0.7833333333333333E+02   0.8995006360390936E-04
   0.7866666666666666E+02   0.8428169294281505E-04
   0.7900000000000000E+02   0.7896366435972095E-04
   0.7933333333333333E+02   0.7397478990127703E-04
   0.7966666666666666E+02   0.6929512670988624E-04
   0.8000000000000000E+02   0.6490590634558061E-04
   0.8033333333333333E+02   0.6078946792669776E-04
   0.8066666666666666E+02   0.5692919489666023E-04
   0.8100000000000000E+02   0.5330945523278122E-04
   0.8133333333333333E+02   0.4991554492130577E-04
   0.8166666666666666E+02   0.4673363453088401E-04
   0.8200000000000000E+02   0.4375071872438371E-04
   0.8233333333333333E+02   0.4095456855638451E-04
   0.8266666666666666E+02   0.3833368641088031E-04
   0.8300000000000000E+02   0.3587726344064467E-04
   0.8333333333333333E+02   0.3357513937637152E-04
   0.8366666666666666E+02   0.3141776458009258E-04
   0.8400000000000000E+02   0.2939616422348243E-04
   0.8433333333333333E+02   0.2750190447748442E-04
   0.8466666666666666E+02   0.2572706060524066E-04
   0.8500000000000000E+02   0.2406418685559688E-04
   0.8533333333333333E+02   0.2250628805949099E-04
   0.8566666666666666E+02   0.2104679283635253E-04
   0.8600000000000000E+02   0.1967952832225544E-04
   0.8633333333333333E+02   0.1839869633598899E-04
   0.8666666666666666E+02   0.1719885090345554E-04
   0.8700000000000000E+02   0.1607487706486948E-04
   0.8733333333333333E+02   0.1502197089311258E-04
   0.8766666666666666E+02   0.1403562065529566E-04
   0.8800000000000000E+02   0.1311158905308150E-04
   0.8833333333333333E+02   0.1224589648063409E-04
   0.8866666666666666E+02   0.1143480524218759E-04
   0.8900000000000000E+02   0.1067480467418355E-04
   0.8933333333333333E+02   0.9962597119720147E-05
   0.8966666666666666E+02   0.9295084705714697E-05
   0.9000000000000000E+02   0.8669356875714648E-05
   0.9033333333333333E+02   0.8082678633710926E-05
   0.9066666666666666E+02   0.7532479456618533E-05
   0.9100000000000000E+02   0.7016342835291838E-05
   0.9133333333333333E+02   0.6531996406027096E-05
   0.9166666666666666E+02   0.6077302636468189E-05
   0.9200000000000000E+02   0.5650250031666343E-05
   0.9233333333333333E+02   0.5248944827749921E-05
   0.9266666666666666E+02   0.4871603142243843E-05
   0.9300000000000000E+02   0.4516543551552083E-05
   0.9333333333333333E+02   0.4182180067496821E-05
   0.9366666666666666E+02   0.3867015486114867E-05
   0.9400000000000000E+02   0.3569635083159526E-05
   0.9433333333333333E+02   0.3288700631948443E-05
   0.9466666666666666E+02   0.3022944720332237E-05
   0.9500000000000000E+02   0.2771165344620932E-05
   0.9533333333333333E+02   0.2532220759273041E-05
   0.9566666666666666E+02   0.2305024562004964E-05
   0.9600000000000000E+02   0.2088540994706113E-05
   0.9633333333333333E+02   0.1881780441157036E-05
   0.9666666666666666E+02   0.1683795103075305E-05
   0.9700000000000000E+02   0.1493674836508999E-05
   0.9733333333333333E+02   0.1310543131123857E-05
   0.9766666666666666E+02   0.1133553215532307E-05
   0.9800000000000000E+02   0.9618842724571727E-06
   0.9833333333333333E+02   0.7947377480656223E-06
   0.9866666666666666E+02   0.6313337399886843E-06
   0.9900000000000000E+02   0.4709074480043388E-06
   0.9933333333333333E+02   0.3127056700483361E-06
   0.9966666666666666E+02   0.1559833260720894E-06
   0.1000000000000000E+03   0.3105205265800688E-21
