   0.0000000000000000E+00   0.0000000000000000E+00
   0.3333333333333333E+00  -0.1135872424704874E-01
   0.6666666666666666E+00  -0.3826534864276758E-01
   0.1000000000000000E+01  -0.7222782298525775E-01
   0.1333333333333333E+01  -0.1072417346808187E+00
   0.1666666666666667E+01  -0.1392336572582555E+00
   0.2000000000000000E+01  -0.1656111893155924E+00
   0.2333333333333333E+01  -0.1849012097871420E+00
   0.2666666666666667E+01  -0.1964608497610057E+00
   0.3000000000000000E+01  -0.2002482034869818E+00
   0.3333333333333333E+01  -0.1966419372304338E+00
   0.3666666666666667E+01  -0.1863007596601192E+00
   0.4000000000000000E+01  -0.1700552394838502E+00
   0.4333333333333333E+01  -0.1488257372747965E+00
   0.4666666666666666E+01  -0.1235612956832660E+00
   0.5000000000000000E+01  -0.9519523697281397E-01
   0.5333333333333333E+01  -0.6461397535087671E-01
   0.5666666666666666E+01  -0.3263618578790976E-01
   0.6000000000000000E+01   0.2849620053430814E-09
   0.6333333333333333E+01   0.3264366240377539E-01
   0.6666666666666666E+01   0.6473314683998355E-01
   0.7000000000000000E+01   0.9579473382629421E-01
   0.7333333333333333E+01   0.1254388898995443E+00
   0.7666666666666666E+01   0.1533548739041913E+00
   0.8000000000000000E+01   0.1793042973616228E+00
   0.8333333333333332E+01   0.2031141031976281E+00
   0.8666666666666666E+01   0.2246693159206911E+00
   0.9000000000000000E+01   0.2439058267774544E+00
   0.9333333333333332E+01   0.2608034055027057E+00
   0.9666666666666666E+01   0.2753790730297529E+00
   0.1000000000000000E+02   0.2876809244039695E+00
   0.1033333333333333E+02   0.2977824559617723E+00
   0.1066666666666667E+02   0.3057774237279193E+00
   0.1100000000000000E+02   0.3117752393860969E+00
   0.1133333333333333E+02   0.3158968948320398E+00
   0.1166666666666667E+02   0.3182713952167685E+00
   0.1200000000000000E+02   0.3190326726931780E+00
   0.1233333333333333E+02   0.3183169480774022E+00
   0.1266666666666667E+02   0.3162605047231790E+00
   0.1300000000000000E+02   0.3129978375886839E+00
   0.1333333333333333E+02   0.3086601403624745E+00
   0.1366666666666667E+02   0.3033740943073385E+00
   0.1400000000000000E+02   0.2972609239353476E+00
   0.1433333333333333E+02   0.2904356865418740E+00
   0.1466666666666667E+02   0.2830067648344325E+00
   0.1500000000000000E+02   0.2750755342634620E+00
   0.1533333333333333E+02   0.2667361791002545E+00
   0.1566666666666667E+02   0.2580756337439100E+00
   0.1600000000000000E+02   0.2491736281237316E+00
   0.1633333333333333E+02   0.2401028183564959E+00
   0.1666666666666666E+02   0.2309289859899690E+00
   0.1700000000000000E+02   0.2217112911950529E+00
   0.1733333333333333E+02   0.2125025671484242E+00
   0.1766666666666666E+02   0.2033496445722321E+00
   0.1800000000000000E+02   0.1942936969682923E+00
   0.1833333333333333E+02   0.1853705985044301E+00
   0.1866666666666666E+02   0.1766112877852416E+00
   0.1900000000000000E+02   0.1680421318753469E+00
   0.1933333333333333E+02   0.1596852859486771E+00
   0.1966666666666666E+02   0.1515590448220750E+00
   0.2000000000000000E+02   0.1436781834053704E+00
   0.2033333333333333E+02   0.1360542837727141E+00
   0.2066666666666666E+02   0.1286960471405579E+00
   0.2100000000000000E+02   0.1216095895350848E+00
   0.2133333333333333E+02   0.1147987203545485E+00
   0.2166666666666666E+02   0.1082652033878807E+00
   0.2200000000000000E+02   0.1020090001475663E+00
   0.2233333333333333E+02   0.9602849561912309E-01
   0.2266666666666666E+02   0.9032070672798338E-01
   0.2300000000000000E+02   0.8488147398303056E-01
   0.2333333333333333E+02   0.7970563687982486E-01
   0.2366666666666666E+02   0.7478719374048927E-01
   0.2400000000000000E+02   0.7011944673566198E-01
   0.2433333333333333E+02   0.6569513288075589E-01
   0.2466666666666666E+02   0.6150654182745566E-01
   0.2500000000000000E+02   0.5754562128494635E-01
   0.2533333333333333E+02   0.5380407090638401E-01
   0.2566666666666666E+02   0.5027342546681154E-01
   0.2600000000000000E+02   0.4694512814103274E-01
   0.2633333333333333E+02   0.4381059466560709E-01
   0.2666666666666666E+02   0.4086126913964681E-01
   0.2700000000000000E+02   0.3808867218580755E-01
   0.2733333333333333E+02   0.3548444215688892E-01
   0.2766666666666666E+02   0.3304037003575280E-01
   0.2800000000000000E+02   0.3074842863762737E-01
   0.2833333333333333E+02   0.2860079668496222E-01
   0.2866666666666666E+02   0.2658987828638803E-01
   0.2900000000000000E+02   0.2470831831343658E-01
   0.2933333333333333E+02   0.2294901413179948E-01
   0.2966666666666666E+02   0.2130512410826254E-01
   0.3000000000000000E+02   0.1977007328020457E-01
   0.3033333333333333E+02   0.1833755654182147E-01
   0.3066666666666666E+02   0.1700153967013029E-01
   0.3100000000000000E+02   0.1575625848440283E-01
   0.3133333333333333E+02   0.1459621640502059E-01
   0.3166666666666666E+02   0.1351618065186487E-01
   0.3200000000000000E+02   0.1251117729825736E-01
   0.3233333333333333E+02   0.1157648537412837E-01
   0.3266666666666666E+02   0.1070763019146876E-01
   0.3300000000000000E+02   0.9900376046152992E-02
   0.3333333333333333E+02   0.9150718432813050E-02
   0.3366666666666666E+02   0.8454875893501492E-02
   0.3400000000000000E+02   0.7809281606301155E-02
   0.3433333333333333E+02   0.7210574806728876E-02
   0.3466666666666666E+02   0.6655592122658664E-02
   0.3500000000000000E+02   0.6141358892482113E-02
   0.3533333333333333E+02   0.5665080526267174E-02
   0.3566666666666666E+02   0.5224133960713748E-02
   0.3600000000000000E+02   0.4816059250676958E-02
   0.3633333333333333E+02   0.4438551332875358E-02
   0.3666666666666666E+02   0.4089451991057180E-02
   0.3700000000000000E+02   0.3766742046292725E-02
   0.3733333333333333E+02   0.3468533791122178E-02
   0.3766666666666666E+02   0.3193063681943494E-02
   0.3800000000000000E+02   0.2938685300206110E-02
   0.3833333333333333E+02   0.2703862589624689E-02
   0.3866666666666666E+02   0.2487163373694173E-02
   0.3900000000000000E+02   0.2287253155233182E-02
   0.3933333333333333E+02   0.2102889197476390E-02
   0.3966666666666666E+02   0.1932914884354112E-02
   0.4000000000000000E+02   0.1776254356014885E-02
   0.4033333333333333E+02   0.1631907414339527E-02
   0.4066666666666666E+02   0.1498944692136287E-02
   0.4100000000000000E+02   0.1376503078866241E-02
   0.4133333333333333E+02   0.1263781395094925E-02
   0.4166666666666666E+02   0.1160036307369286E-02
   0.4200000000000000E+02   0.1064578474850091E-02
   0.4233333333333333E+02   0.9767689187660407E-03
   0.4266666666666666E+02   0.8960156055798121E-03
   0.4300000000000000E+02   0.8217702346560490E-03
   0.4333333333333333E+02   0.7535252211902264E-03
   0.4366666666666666E+02   0.6908108651919953E-03
   0.4400000000000000E+02   0.6331926974136176E-03
   0.4433333333333333E+02   0.5802689932684506E-03
   0.4466666666666666E+02   0.5316684459891417E-03
   0.4500000000000000E+02   0.4870479905208921E-03
   0.4533333333333333E+02   0.4460907699207782E-03
   0.4566666666666666E+02   0.4085042363281014E-03
   0.4600000000000000E+02   0.3740183788727696E-03
   0.4633333333333333E+02   0.3423840711913120E-03
   0.4666666666666666E+02   0.3133715315188338E-03
   0.4700000000000000E+02   0.2867688886184942E-03
   0.4733333333333333E+02   0.2623808470991207E-03
   0.4766666666666666E+02   0.2400274459592660E-03
   0.4800000000000000E+02   0.2195429044847919E-03
   0.4833333333333333E+02   0.2007745499179993E-03
   0.4866666666666666E+02   0.1835818216087966E-03
   0.4900000000000000E+02   0.1678353466499862E-03
   0.4933333333333333E+02   0.1534160822855209E-03
   0.4966666666666666E+02   0.1402145206579913E-03
   0.5000000000000000E+02   0.1281299517256386E-03
   0.5033333333333333E+02   0.1170697804274184E-03
   0.5066666666666666E+02   0.1069488944063205E-03
   0.5100000000000000E+02   0.9768907881718297E-04
   0.5133333333333333E+02   0.8921847494808874E-04
   0.5166666666666666E+02   0.8147107957737703E-04
   0.5200000000000000E+02   0.7438628217425609E-04
   0.5233333333333333E+02   0.6790843723182124E-04
   0.5266666666666666E+02   0.6198646919762804E-04
   0.5300000000000000E+02   0.5657350763823887E-04
   0.5333333333333333E+02   0.5162655043866632E-04
   0.5366666666666666E+02   0.4710615299316154E-04
   0.5400000000000000E+02   0.4297614148841569E-04
   0.5433333333333333E+02   0.3920334851295493E-04
   0.5466666666666666E+02   0.3575736934731489E-04
   0.5500000000000000E+02   0.3261033739947882E-04
   0.5533333333333333E+02   0.2973671735097775E-04
   0.5566666666666666E+02   0.2711311467336762E-04
   0.5600000000000000E+02   0.2471810026463048E-04
   0.5633333333333333E+02   0.2253204904180132E-04
   0.5666666666666666E+02   0.2053699141039876E-04
   0.5700000000000000E+02   0.1871647661281006E-04
   0.5733333333333333E+02   0.1705544703569227E-04
   0.5766666666666666E+02   0.1554012262937447E-04
   0.5800000000000000E+02   0.1415789465903402E-04
   0.5833333333333333E+02   0.1289722806748709E-04
   0.5866666666666666E+02   0.1174757178282500E-04
   0.5900000000000000E+02   0.1069927635151455E-04
   0.5933333333333333E+02   0.9743518320206360E-05
   0.5966666666666666E+02   0.8872230828887936E-05
   0.6000000000000000E+02   0.8078039915526506E-05
   0.6033333333333333E+02   0.7354206068860269E-05
   0.6066666666666666E+02   0.6694570601883208E-05
   0.6100000000000000E+02   0.6093506453666137E-05
   0.6133333333333333E+02   0.5545873060831143E-05
   0.6166666666666666E+02   0.5046974971370096E-05
   0.6200000000000000E+02   0.4592523901811315E-05
   0.6233333333333333E+02   0.4178603963585945E-05
   0.6266666666666666E+02   0.3801639805823388E-05
   0.6300000000000000E+02   0.3458367440111500E-05
   0.6333333333333333E+02   0.3145807528752512E-05
   0.6366666666666666E+02   0.2861240932672526E-05
   0.6400000000000000E+02   0.2602186329228873E-05
   0.6433333333333333E+02   0.2366379724241675E-05
   0.6466666666666666E+02   0.2151755696854922E-05
   0.6500000000000000E+02   0.1956430230173664E-05
   0.6533333333333333E+02   0.1778684994591340E-05
   0.6566666666666666E+02   0.1616952963722271E-05
   0.6600000000000000E+02   0.1469805254376227E-05
   0.6633333333333333E+02   0.1335939091766323E-05
   0.6666666666666666E+02   0.1214166809099905E-05
   0.6700000000000000E+02   0.1103405797093978E-05
   0.6733333333333333E+02   0.1002669324244261E-05
   0.6766666666666666E+02   0.9110581534394490E-06
   0.6800000000000000E+02   0.8277528852579691E-06
   0.6833333333333333E+02   0.7520069633343143E-06
   0.6866666666666666E+02   0.6831402826446837E-06
   0.6900000000000000E+02   0.6205333473317442E-06
   0.6933333333333333E+02   0.5636219304680885E-06
   0.6966666666666666E+02   0.5118921935512757E-06
   0.7000000000000000E+02   0.4648762281856486E-06
   0.7033333333333333E+02   0.4221479861382708E-06
   0.7066666666666666E+02   0.3833195667261313E-06
   0.7100000000000000E+02   0.3480378324336540E-06
   0.7133333333333333E+02   0.3159813250578386E-06
   0.7166666666666666E+02   0.2868574558932564E-06
   0.7200000000000000E+02   0.2603999448156449E-06
   0.7233333333333333E+02   0.2363664847965505E-06
   0.7266666666666666E+02   0.2145366104418867E-06
   0.7300000000000000E+02   0.1947097515172045E-06
   0.7333333333333333E+02   0.1767034549017889E-06
   0.7366666666666666E+02   0.1603517607395832E-06
   0.7400000000000000E+02   0.1455037204986701E-06
   0.7433333333333333E+02   0.1320220460781544E-06
   0.7466666666666666E+02   0.1197818799853407E-06
   0.7500000000000000E+02   0.1086696770286288E-06
   0.7533333333333333E+02   0.9858218811122941E-07
   0.7566666666666666E+02   0.8942553679536949E-07
   0.7600000000000000E+02   0.8111437953482444E-07
   0.7633333333333333E+02   0.7357114096690797E-07
   0.7666666666666666E+02   0.6672531644701964E-07
   0.7700000000000000E+02   0.6051283504475198E-07
   0.7733333333333333E+02   0.5487547736627483E-07
   0.7766666666666666E+02   0.4976034364889219E-07
   0.7800000000000000E+02   0.4511936843875912E-07
   0.7833333333333333E+02   0.4090887872213824E-07
   0.7866666666666666E+02   0.3708919261547138E-07
   0.7900000000000000E+02   0.3362425568201294E-07
   0.7933333333333333E+02   0.3048131174859637E-07
   0.7966666666666666E+02   0.2763060489305032E-07
   0.8000000000000000E+02   0.2504510918926493E-07
   0.8033333333333333E+02   0.2270028291025367E-07
   0.8066666666666666E+02   0.2057384421884378E-07
   0.8100000000000000E+02   0.1864556588156405E-07
   0.8133333333333333E+02   0.1689708713214170E-07
   0.8166666666666666E+02   0.1531174136876747E-07
   0.8200000000000000E+02   0.1387439879188267E-07
   0.8233333333333333E+02   0.1257132331675078E-07
   0.8266666666666666E+02   0.1139004311561484E-07
   0.8300000000000000E+02   0.1031923399402572E-07
   0.8333333333333333E+02   0.9348614564330752E-08
   0.8366666666666666E+02   0.8468851947039361E-08
   0.8400000000000000E+02   0.7671476594544556E-08
   0.8433333333333333E+02   0.6948804842359258E-08
   0.8466666666666666E+02   0.6293867960738996E-08
   0.8500000000000000E+02   0.5700346773596097E-08
   0.8533333333333333E+02   0.5162511264675655E-08
   0.8566666666666666E+02   0.4675164917980404E-08
   0.8600000000000000E+02   0.4233593767844029E-08
   0.8633333333333333E+02   0.3833520222612602E-08
   0.8666666666666666E+02   0.3471061668912208E-08
   0.8700000000000000E+02   0.3142693690850582E-08
   0.8733333333333333E+02   0.2845217511897256E-08
   0.8766666666666666E+02   0.2575731063253484E-08
   0.8800000000000000E+02   0.2331602965706296E-08
   0.8833333333333333E+02   0.2110448717692736E-08
   0.8866666666666666E+02   0.1910108513198948E-08
   0.8900000000000000E+02   0.1728626338974852E-08
   0.8933333333333333E+02   0.1564230261977001E-08
   0.8966666666666666E+02   0.1415314042575621E-08
   0.9000000000000000E+02   0.1280420337592471E-08
   0.9033333333333333E+02   0.1158225759657415E-08
   0.9066666666666666E+02   0.1047527938591283E-08
   0.9100000000000000E+02   0.9472345223497376E-09
   0.9133333333333333E+02   0.8563538242586712E-09
   0.9166666666666666E+02   0.7739866460781913E-09
   0.9200000000000000E+02   0.6993187423579877E-09
   0.9233333333333333E+02   0.6316134658952667E-09
   0.9266666666666666E+02   0.5702043340276574E-09
   0.9300000000000000E+02   0.5144875300739216E-09
   0.9333333333333333E+02   0.4639146197510976E-09
   0.9366666666666666E+02   0.4179859255482068E-09
   0.9400000000000000E+02   0.3762449974625075E-09
   0.9433333333333333E+02   0.3382744320155513E-09
   0.9466666666666666E+02   0.3036929652942529E-09
   0.9500000000000000E+02   0.2721533982057644E-09
   0.9533333333333333E+02   0.2433406472268771E-09
   0.9566666666666666E+02   0.2169691957439148E-09
   0.9600000000000000E+02   0.1927795199551308E-09
   0.9633333333333333E+02   0.1705336301527420E-09
   0.9666666666666666E+02   0.1500105241999978E-09
   0.9700000000000000E+02   0.1310027891834542E-09
   0.9733333333333333E+02   0.1133154235928593E-09
   0.9766666666666666E+02   0.9676692865953398E-10
   0.9800000000000000E+02   0.8119104190261433E-10
   0.9833333333333333E+02   0.6643604088885123E-10
   0.9866666666666666E+02   0.5235893229367403E-10
   0.9900000000000000E+02   0.3881622103402931E-10
   0.9933333333333333E+02   0.2566168457564663E-10
   0.9966666666666666E+02   0.1276277831770895E-10
   0.1000000000000000E+03   0.2754665143551577E-25
