   0.0000000000000000E+00   0.0000000000000000E+00
   0.3333333333333333E+00   0.1919859436625854E-01
   0.6666666666666666E+00   0.6500504186303281E-01
   0.1000000000000000E+01   0.1238075538446382E+00
   0.1333333333333333E+01   0.1863125853214111E+00
   0.1666666666666667E+01   0.2464221852781223E+00
   0.2000000000000000E+01   0.3003723071421781E+00
   0.2333333333333333E+01   0.3460756638874288E+00
   0.2666666666666667E+01   0.3826242914340752E+00
   0.3000000000000000E+01   0.4099162763329146E+00
   0.3333333333333333E+01   0.4283785598027691E+00
   0.3666666666666667E+01   0.4387636949546721E+00
   0.4000000000000000E+01   0.4420031855153836E+00
   0.4333333333333333E+01   0.4391038076945282E+00
   0.4666666666666666E+01   0.4310763097046761E+00
   0.5000000000000000E+01   0.4188882565422842E+00
   0.5333333333333333E+01   0.4034346661536115E+00
   0.5666666666666666E+01   0.3855215631604441E+00
   0.6000000000000000E+01   0.3658587353686213E+00
   0.6333333333333333E+01   0.3450588815858078E+00
   0.6666666666666666E+01   0.3236410413462303E+00
   0.7000000000000000E+01   0.3020367418771548E+00
   0.7333333333333333E+01   0.2805977187595525E+00
   0.7666666666666666E+01   0.2596043896660908E+00
   0.8000000000000000E+01   0.2392745055219902E+00
   0.8333333333333332E+01   0.2197715873342444E+00
   0.8666666666666666E+01   0.2012128937951266E+00
   0.9000000000000000E+01   0.1836767657649177E+00
   0.9333333333333332E+01   0.1672092673271990E+00
   0.9666666666666666E+01   0.1518300955299444E+00
   0.1000000000000000E+02   0.1375377670472559E+00
   0.1033333333333333E+02   0.1243141138367889E+00
   0.1066666666666667E+02   0.1121281347075147E+00
   0.1100000000000000E+02   0.1009392581064913E+00
   0.1133333333333333E+02   0.9070007524257817E-01
   0.1166666666666667E+02   0.8135860319507308E-01
   0.1200000000000000E+02   0.7286013588067501E-01
   0.1233333333333333E+02   0.6514873745559381E-01
   0.1266666666666667E+02   0.5816842853311732E-01
   0.1300000000000000E+02   0.5186411096469275E-01
   0.1333333333333333E+02   0.4618227217806702E-01
   0.1366666666666667E+02   0.4107150538352198E-01
   0.1400000000000000E+02   0.3648287747464450E-01
   0.1433333333333333E+02   0.3237017225245049E-01
   0.1466666666666667E+02   0.2869003275037546E-01
   0.1500000000000000E+02   0.2540202296288067E-01
   0.1533333333333333E+02   0.2246862618495806E-01
   0.1566666666666667E+02   0.1985519443620995E-01
   0.1600000000000000E+02   0.1752986104547818E-01
   0.1633333333333333E+02   0.1546342638302601E-01
   0.1666666666666666E+02   0.1362922492025234E-01
   0.1700000000000000E+02   0.1200298024558408E-01
   0.1733333333333333E+02   0.1056265334385684E-01
   0.1766666666666666E+02   0.9288288330257577E-02
   0.1800000000000000E+02   0.8161858894998392E-02
   0.1833333333333333E+02   0.7167117938906818E-02
   0.1866666666666666E+02   0.6289452242045300E-02
   0.1900000000000000E+02   0.5515743487712499E-02
   0.1933333333333333E+02   0.4834236544576900E-02
   0.1966666666666666E+02   0.4234415573727125E-02
   0.2000000000000000E+02   0.3706888260480695E-02
   0.2033333333333333E+02   0.3243278260352841E-02
   0.2066666666666666E+02   0.2836125784261636E-02
   0.2100000000000000E+02   0.2478796121571541E-02
   0.2133333333333333E+02   0.2165395804707642E-02
   0.2166666666666666E+02   0.1890696051090125E-02
   0.2200000000000000E+02   0.1650063073066107E-02
   0.2233333333333333E+02   0.1439394820632070E-02
   0.2266666666666666E+02   0.1255063711467242E-02
   0.2300000000000000E+02   0.1093864904696926E-02
   0.2333333333333333E+02   0.9529696856011706E-03
   0.2366666666666666E+02   0.8298835451918362E-03
   0.2400000000000000E+02   0.7224085586960198E-03
   0.2433333333333333E+02   0.6286096886058255E-03
   0.2466666666666666E+02   0.5467846598151923E-03
   0.2500000000000000E+02   0.4754370758251733E-03
   0.2533333333333333E+02   0.4132524660023991E-03
   0.2566666666666666E+02   0.3590769747319329E-03
   0.2600000000000000E+02   0.3118984243474789E-03
   0.2633333333333333E+02   0.2708295050890118E-03
   0.2666666666666666E+02   0.2350928669299977E-03
   0.2700000000000000E+02   0.2040079095911232E-03
   0.2733333333333333E+02   0.1769790878582676E-03
   0.2766666666666666E+02   0.1534855688018394E-03
   0.2800000000000000E+02   0.1330720951125323E-03
   0.2833333333333333E+02   0.1153409242157034E-03
   0.2866666666666666E+02   0.9994472605213690E-04
   0.2900000000000000E+02   0.8658033362474532E-04
   0.2933333333333333E+02   0.7498325004993453E-04
   0.2966666666666666E+02   0.6492282448159274E-04
   0.3000000000000000E+02   0.5619801739832228E-04
   0.3033333333333333E+02   0.4863368369283162E-04
   0.3066666666666666E+02   0.4207730991211269E-04
   0.3100000000000000E+02   0.3639614980701543E-04
   0.3133333333333333E+02   0.3147470982140888E-04
   0.3166666666666666E+02   0.2721254295358281E-04
   0.3200000000000000E+02   0.2352231527122559E-04
   0.3233333333333333E+02   0.2032811410310990E-04
   0.3266666666666666E+02   0.1756397056334113E-04
   0.3300000000000000E+02   0.1517257173665136E-04
   0.3333333333333333E+02   0.1310413985047537E-04
   0.3366666666666666E+02   0.1131545743365625E-04
   0.3400000000000000E+02   0.9769019122085125E-05
   0.3433333333333333E+02   0.8432292616911672E-05
   0.3466666666666666E+02   0.7277073403285647E-05
   0.3500000000000000E+02   0.6278920142401019E-05
   0.3533333333333333E+02   0.5416659988208093E-05
   0.3566666666666666E+02   0.4671955224554480E-05
   0.3600000000000000E+02   0.4028924370134917E-05
   0.3633333333333333E+02   0.3473812143233166E-05
   0.3666666666666666E+02   0.2994703398339801E-05
   0.3700000000000000E+02   0.2581276421771451E-05
   0.3733333333333333E+02   0.2224590969969612E-05
   0.3766666666666666E+02   0.1916906362507270E-05
   0.3800000000000000E+02   0.1651524985893535E-05
   0.3833333333333333E+02   0.1422656838179113E-05
   0.3866666666666666E+02   0.1225301282676206E-05
   0.3900000000000000E+02   0.1055142936638203E-05
   0.3933333333333333E+02   0.9084594804942810E-06
   0.3966666666666666E+02   0.7820399813171113E-06
   0.4000000000000000E+02   0.6731129462731649E-06
   0.4033333333333333E+02   0.5792836780055960E-06
   0.4066666666666666E+02   0.4984805767556498E-06
   0.4100000000000000E+02   0.4289098685642786E-06
   0.4133333333333333E+02   0.3690179363570110E-06
   0.4166666666666666E+02   0.3174601207972992E-06
   0.4200000000000000E+02   0.2730746537965684E-06
   0.4233333333333333E+02   0.2348603586263071E-06
   0.4266666666666666E+02   0.2019569153756163E-06
   0.4300000000000000E+02   0.1736268171907247E-06
   0.4333333333333333E+02   0.1492385539767572E-06
   0.4366666666666666E+02   0.1282509554674985E-06
   0.4400000000000000E+02   0.1101989169476824E-06
   0.4433333333333333E+02   0.9468086563078370E-07
   0.4466666666666666E+02   0.8134829099052748E-07
   0.4500000000000000E+02   0.6989748557480376E-07
   0.4533333333333333E+02   0.6006338745998647E-07
   0.4566666666666666E+02   0.5161516333026894E-07
   0.4600000000000000E+02   0.4435299362998538E-07
   0.4633333333333333E+02   0.3810546164727140E-07
   0.4666666666666666E+02   0.3272701790791445E-07
   0.4700000000000000E+02   0.2809516884917509E-07
   0.4733333333333333E+02   0.2410727437743209E-07
   0.4766666666666666E+02   0.2067706780122370E-07
   0.4800000000000000E+02   0.1773117719080012E-07
   0.4833333333333333E+02   0.1520599529796640E-07
   0.4866666666666666E+02   0.1304520727664792E-07
   0.4900000000000000E+02   0.1119815877047005E-07
   0.4933333333333333E+02   0.9619071799030964E-08
   0.4966666666666666E+02   0.8266944357115287E-08
   0.5000000000000000E+02   0.7105847220129825E-08
   0.5033333333333333E+02   0.6105285637713637E-08
   0.5066666666666666E+02   0.5240331372485011E-08
   0.5100000000000000E+02   0.4491338306846070E-08
   0.5133333333333333E+02   0.3843200485666846E-08
   0.5166666666666666E+02   0.3284253452417783E-08
   0.5200000000000000E+02   0.2805021799742000E-08
   0.5233333333333333E+02   0.2397056078837391E-08
   0.5266666666666666E+02   0.2052075095422304E-08
   0.5300000000000000E+02   0.1761546105902519E-08
   0.5333333333333333E+02   0.1516721256780998E-08
   0.5366666666666666E+02   0.1309037050955444E-08
   0.5400000000000000E+02   0.1130703727780638E-08
   0.5433333333333333E+02   0.9752807726717442E-09
   0.5466666666666666E+02   0.8380577569050842E-09
   0.5500000000000000E+02   0.7161276239204394E-09
   0.5533333333333333E+02   0.6081318189137902E-09
   0.5566666666666666E+02   0.5137467145943852E-09
   0.5600000000000000E+02   0.4330453985591789E-09
   0.5633333333333333E+02   0.3658940252462154E-09
   0.5666666666666666E+02   0.3115240692016155E-09
   0.5700000000000000E+02   0.2683679389142831E-09
   0.5733333333333333E+02   0.2341719836719165E-09
   0.5766666666666666E+02   0.2063292279086671E-09
   0.5800000000000000E+02   0.1823227790343677E-09
   0.5833333333333333E+02   0.1601510057439000E-09
   0.5866666666666666E+02   0.1386201014560597E-09
   0.5900000000000000E+02   0.1174329415600180E-09
   0.5933333333333333E+02   0.9706204727408693E-10
   0.5966666666666666E+02   0.7845196364544468E-10
   0.6000000000000000E+02   0.6263758306202979E-10
   0.6033333333333333E+02   0.5038091794776268E-10
   0.6066666666666666E+02   0.4191728897735189E-10
   0.6100000000000000E+02   0.3686732431670725E-10
   0.6133333333333333E+02   0.3432409821466714E-10
   0.6166666666666666E+02   0.3307879319014293E-10
   0.6200000000000000E+02   0.3191534108246932E-10
   0.6233333333333333E+02   0.2989177022400097E-10
   0.6266666666666666E+02   0.2653526516444320E-10
   0.6300000000000000E+02   0.2190564896407888E-10
   0.6333333333333333E+02   0.1651969313557952E-10
   0.6366666666666666E+02   0.1116544762870823E-10
   0.6400000000000000E+02   0.6662146627469609E-11
   0.6433333333333333E+02   0.3631436105046841E-11
   0.6466666666666666E+02   0.2338242746538832E-11
   0.6500000000000000E+02   0.2637431092069478E-11
   0.6533333333333333E+02   0.4032228727507326E-11
   0.6566666666666666E+02   0.5820963825572625E-11
   0.6600000000000000E+02   0.7287573101850317E-11
   0.6633333333333333E+02   0.7883202649353885E-11
   0.6666666666666666E+02   0.7352192554497445E-11
   0.6700000000000000E+02   0.5773508176468603E-11
   0.6733333333333333E+02   0.3512847564979571E-11
   0.6766666666666666E+02   0.1104226913328165E-11
   0.6800000000000000E+02  -0.9032762534069324E-12
   0.6833333333333333E+02  -0.2091442815412104E-11
   0.6866666666666666E+02  -0.2274114924274072E-11
   0.6900000000000000E+02  -0.1530554670120458E-11
   0.6933333333333333E+02  -0.1671999881632256E-12
   0.6966666666666666E+02   0.1377057488645214E-11
   0.7000000000000000E+02   0.2653438780622125E-11
   0.7033333333333333E+02   0.3319869506654202E-11
   0.7066666666666666E+02   0.3221653306638791E-11
   0.7100000000000000E+02   0.2417732048226699E-11
   0.7133333333333333E+02   0.1149581182672346E-11
   0.7166666666666666E+02  -0.2350698174579624E-12
   0.7200000000000000E+02  -0.1380683362661385E-11
   0.7233333333333333E+02  -0.2017386289904736E-11
   0.7266666666666666E+02  -0.2025471181878951E-11
   0.7300000000000000E+02  -0.1456146692668366E-11
   0.7333333333333333E+02  -0.5062512063564837E-12
   0.7366666666666666E+02   0.5431992123031819E-12
   0.7400000000000000E+02   0.1406088979308307E-11
   0.7433333333333333E+02   0.1866084302979181E-11
   0.7466666666666666E+02   0.1828061907895271E-11
   0.7500000000000000E+02   0.1334278210227661E-11
   0.7533333333333333E+02   0.5435429053349072E-12
   0.7566666666666666E+02  -0.3185587138008213E-12
   0.7600000000000000E+02  -0.1023397923606396E-11
   0.7633333333333333E+02  -0.1399392745452815E-11
   0.7666666666666666E+02  -0.1372981116675086E-11
   0.7700000000000000E+02  -0.9810546551701026E-12
   0.7733333333333333E+02  -0.3535825357002725E-12
   0.7766666666666666E+02   0.3269516942845938E-12
   0.7800000000000000E+02   0.8770940494101803E-12
   0.7833333333333333E+02   0.1160693595414138E-11
   0.7866666666666666E+02   0.1121437711696553E-11
   0.7900000000000000E+02   0.7921422134879007E-12
   0.7933333333333333E+02   0.2799313385393500E-12
   0.7966666666666666E+02  -0.2671560174293407E-12
   0.8000000000000000E+02  -0.7021046208791035E-12
   0.8033333333333333E+02  -0.9177864458509116E-12
   0.8066666666666666E+02  -0.8726678017351376E-12
   0.8100000000000000E+02  -0.5973989309552135E-12
   0.8133333333333333E+02  -0.1817914963095036E-12
   0.8166666666666666E+02   0.2530805281642963E-12
   0.8200000000000000E+02   0.5892963159388842E-12
   0.8233333333333333E+02   0.7434495205471272E-12
   0.8266666666666666E+02   0.6867603540653149E-12
   0.8300000000000000E+02   0.4492363301976099E-12
   0.8333333333333333E+02   0.1077490648563960E-12
   0.8366666666666666E+02  -0.2377841842790010E-12
   0.8400000000000000E+02  -0.4929920631356089E-12
   0.8433333333333333E+02  -0.5944104280469452E-12
   0.8466666666666666E+02  -0.5249052095023127E-12
   0.8500000000000000E+02  -0.3155026639932023E-12
   0.8533333333333333E+02  -0.3388357955911722E-13
   0.8566666666666666E+02   0.2365721238770558E-12
   0.8600000000000000E+02   0.4209249239279167E-12
   0.8633333333333333E+02   0.4731585648367520E-12
   0.8666666666666666E+02   0.3874732413947798E-12
   0.8700000000000000E+02   0.1976523605386026E-12
   0.8733333333333333E+02  -0.3476687073184766E-13
   0.8766666666666666E+02  -0.2396681147014200E-12
   0.8800000000000000E+02  -0.3591049538949861E-12
   0.8833333333333333E+02  -0.3636018868232506E-12
   0.8866666666666666E+02  -0.2594319997859324E-12
   0.8900000000000000E+02  -0.8503478724961363E-13
   0.8933333333333333E+02   0.1020279395534960E-12
   0.8966666666666666E+02   0.2434186050863740E-12
   0.9000000000000000E+02   0.2980178476905856E-12
   0.9033333333333333E+02   0.2540826322911156E-12
   0.9066666666666666E+02   0.1318853195696544E-12
   0.9100000000000000E+02  -0.2390004152196276E-13
   0.9133333333333333E+02  -0.1595653635966392E-12
   0.9166666666666666E+02  -0.2304949597140766E-12
   0.9200000000000000E+02  -0.2160902208741531E-12
   0.9233333333333333E+02  -0.1264334719324045E-12
   0.9266666666666666E+02   0.1775304294420610E-14
   0.9300000000000000E+02   0.1188771707524991E-12
   0.9333333333333333E+02   0.1808991564814507E-12
   0.9366666666666666E+02   0.1664725379092513E-12
   0.9400000000000000E+02   0.8545868558308008E-13
   0.9433333333333333E+02  -0.2469741808202697E-13
   0.9466666666666666E+02  -0.1144122232373928E-12
   0.9500000000000000E+02  -0.1437375641673007E-12
   0.9533333333333333E+02  -0.1013963667109838E-12
   0.9566666666666666E+02  -0.1175335647461999E-13
   0.9600000000000000E+02   0.7558430978471504E-13
   0.9633333333333333E+02   0.1112075357249611E-12
   0.9666666666666666E+02   0.7523164515186959E-13
   0.9700000000000000E+02  -0.6528547011174746E-14
   0.9733333333333333E+02  -0.7429477751699418E-13
   0.9766666666666666E+02  -0.7482474006665398E-13
   0.9800000000000000E+02  -0.8818800193767062E-14
   0.9833333333333333E+02   0.5617903383833881E-13
   0.9866666666666666E+02   0.4352111479419205E-13
   0.9900000000000000E+02  -0.2738377673571129E-13
   0.9933333333333333E+02  -0.2996278296380017E-13
   0.9966666666666666E+02   0.2892947856763761E-13
   0.1000000000000000E+03  -0.2907816072313677E-26
